113	-0.106600 0.046400 -0.060400 -0.012700 0.005700 -0.999903 -0.186801 -0.982403 -0.003300 -0.982433 0.185894 0.016216 -0.002463
112	-0.106600 0.046400 -0.060400 -0.186801 -0.982403 -0.003300 0.012700 -0.005700 0.999903 -0.982433 0.185894 0.016216 -0.005390
111	-0.106600 0.046400 -0.060400 -0.012700 0.005700 -0.999903 -0.186801 -0.982403 -0.003300 -0.982433 0.185894 0.016216 0.994134
122	-0.102000 0.063100 -0.025600 0.013600 0.001100 -0.999902 -0.282001 -0.959402 -0.004900 -0.965280 0.261096 -0.007823 -0.005696
123	-0.102000 0.063100 -0.025600 -0.282001 -0.959402 -0.004900 -0.013600 -0.001100 0.999902 -0.965280 0.261096 -0.007823 -0.004512
121	-0.102000 0.063100 -0.025600 0.013600 0.001100 -0.999902 -0.282001 -0.959402 -0.004900 -0.965280 0.261096 -0.007823 1.007497
132	-0.108500 0.030200 -0.026600 0.002600 0.002300 -0.999955 -0.095196 -0.995456 -0.002500 -0.996324 0.085029 -0.009618 -0.004347
133	-0.108500 0.030200 -0.026600 -0.095196 -0.995456 -0.002500 -0.002600 -0.002300 0.999955 -0.996324 0.085029 -0.009618 -0.007999
131	-0.108500 0.030200 -0.026600 0.002600 0.002300 -0.999955 -0.095196 -0.995456 -0.002500 -0.996324 0.085029 -0.009618 0.999188
143	-0.109900 0.013100 -0.062700 -0.012300 0.001800 -0.999923 -0.021200 -0.999823 -0.001600 -0.999358 0.026630 0.023855 -0.004132
142	-0.109900 0.013100 -0.062700 -0.021200 -0.999823 -0.001600 0.012300 -0.001800 0.999923 -0.999358 0.026630 0.023855 -0.008933
141	-0.109900 0.013100 -0.062700 -0.012300 0.001800 -0.999923 -0.021200 -0.999823 -0.001600 -0.999358 0.026630 0.023855 0.999159
213	-0.107400 0.032900 0.008000 -0.051198 0.007700 -0.998659 -0.101496 -0.994759 -0.002500 -0.993310 0.101274 0.055456 -0.005629
212	-0.107400 0.032900 0.008000 -0.101496 -0.994759 -0.002500 0.051198 -0.007700 0.998659 -0.993310 0.101274 0.055456 -0.003204
211	-0.107400 0.032900 0.008000 -0.051198 0.007700 -0.998659 -0.101496 -0.994759 -0.002500 -0.993310 0.101274 0.055456 1.003278
222	-0.098900 0.040300 0.041300 -0.343206 0.059801 -0.937415 -0.161803 -0.986816 -0.003700 -0.925678 0.149149 0.347664 -0.002338
223	-0.098900 0.040300 0.041300 -0.161803 -0.986816 -0.003700 0.343206 -0.059801 0.937415 -0.925678 0.149149 0.347664 -0.007062
221	-0.098900 0.040300 0.041300 -0.343206 0.059801 -0.937415 -0.161803 -0.986816 -0.003700 -0.925678 0.149149 0.347664 1.003982
232	-0.101100 0.004400 0.040800 -0.352103 0.008700 -0.935908 0.037800 -0.999009 -0.023500 -0.935311 -0.048388 0.350499 -0.005135
233	-0.101100 0.004400 0.040800 0.037800 -0.999009 -0.023500 0.352103 -0.008700 0.935908 -0.935311 -0.048388 0.350499 -0.005646
231	-0.101100 0.004400 0.040800 -0.352103 0.008700 -0.935908 0.037800 -0.999009 -0.023500 -0.935311 -0.048388 0.350499 0.993060
243	-0.108300 -0.001100 0.007100 -0.067199 -0.010400 -0.997685 0.084999 -0.996386 0.004700 -0.994112 -0.083022 0.069603 -0.003755
242	-0.108300 -0.001100 0.007100 0.084999 -0.996386 0.004700 0.067199 0.010400 0.997685 -0.994112 -0.083022 0.069603 -0.003375
241	-0.108300 -0.001100 0.007100 -0.067199 -0.010400 -0.997685 0.084999 -0.996386 0.004700 -0.994112 -0.083022 0.069603 0.999680
313	-0.086100 0.098800 0.009000 -0.035199 0.118196 -0.992366 -0.483584 -0.870970 -0.086597 -0.872566 0.480770 0.086518 -0.005703
312	-0.086100 0.098800 0.009000 -0.483584 -0.870970 -0.086597 0.035199 -0.118196 0.992366 -0.872566 0.480770 0.086518 -0.002444
311	-0.086100 0.098800 0.009000 -0.035199 0.118196 -0.992366 -0.483584 -0.870970 -0.086597 -0.872566 0.480770 0.086518 1.009030
322	-0.088700 0.075700 0.041200 -0.351594 0.118898 -0.928584 -0.370994 -0.928384 0.021600 -0.861373 0.352452 0.365800 -0.002197
323	-0.088700 0.075700 0.041200 -0.370994 -0.928384 0.021600 0.351594 -0.118898 0.928584 -0.861373 0.352452 0.365800 -0.006181
321	-0.088700 0.075700 0.041200 -0.351594 0.118898 -0.928584 -0.370994 -0.928384 0.021600 -0.861373 0.352452 0.365800 0.996094
333	-0.070200 0.075800 0.070700 -0.594240 0.228816 -0.771052 -0.385726 -0.922363 0.023502 -0.705607 0.318902 0.632785 -0.004941
332	-0.070200 0.075800 0.070700 -0.385726 -0.922363 0.023502 0.594240 -0.228816 0.771052 -0.705607 0.318902 0.632785 -0.001772
331	-0.070200 0.075800 0.070700 -0.594240 0.228816 -0.771052 -0.385726 -0.922363 0.023502 -0.705607 0.318902 0.632785 1.009669
343	-0.100300 0.065900 0.008100 -0.065802 0.024701 -0.997527 -0.288308 -0.957526 -0.004700 -0.954368 0.289459 0.073425 -0.003951
342	-0.100300 0.065900 0.008100 -0.288308 -0.957526 -0.004700 0.065802 -0.024701 0.997527 -0.954368 0.289459 0.073425 -0.005179
341	-0.100300 0.065900 0.008100 -0.065802 0.024701 -0.997527 -0.288308 -0.957526 -0.004700 -0.954368 0.289459 0.073425 0.999544
413	-0.080800 0.041300 0.072000 -0.642126 0.049002 -0.765031 -0.135706 -0.989540 0.050502 -0.754570 0.139785 0.641158 -0.004580
412	-0.080800 0.041300 0.072000 -0.135706 -0.989540 0.050502 0.642126 -0.049002 0.765031 -0.754570 0.139785 0.641158 0.000422
411	-0.080800 0.041300 0.072000 -0.642126 0.049002 -0.765031 -0.135706 -0.989540 0.050502 -0.754570 0.139785 0.641158 0.998343
422	-0.052600 0.040600 0.095200 -0.874970 -0.019699 -0.483783 -0.054998 -0.988666 0.139695 -0.480258 0.151845 0.863882 -0.005213
423	-0.052600 0.040600 0.095200 -0.054998 -0.988666 0.139695 0.874970 0.019699 0.483783 -0.480258 0.151845 0.863882 -0.007679
421	-0.052600 0.040600 0.095200 -0.874970 -0.019699 -0.483783 -0.054998 -0.988666 0.139695 -0.480258 0.151845 0.863882 1.003789
432	-0.053700 0.005900 0.096900 -0.870267 -0.017799 -0.492081 0.028999 -0.999462 -0.015299 -0.493141 -0.023549 0.869630 -0.003291
433	-0.053700 0.005900 0.096900 0.028999 -0.999462 -0.015299 0.870267 0.017799 0.492081 -0.493141 -0.023549 0.869630 -0.007975
431	-0.053700 0.005900 0.096900 -0.870267 -0.017799 -0.492081 0.028999 -0.999462 -0.015299 -0.493141 -0.023549 0.869630 0.993353
443	-0.082900 0.006200 0.072800 -0.647316 0.002100 -0.762219 0.043201 -0.998325 -0.039401 -0.762368 -0.060007 0.644351 -0.006090
442	-0.082900 0.006200 0.072800 0.043201 -0.998325 -0.039401 0.647316 -0.002100 0.762219 -0.762368 -0.060007 0.644351 -0.003092
441	-0.082900 0.006200 0.072800 -0.647316 0.002100 -0.762219 0.043201 -0.998325 -0.039401 -0.762368 -0.060007 0.644351 1.000071
513	-0.063700 0.125400 0.013600 0.019400 0.216900 -0.976001 -0.783501 -0.603001 -0.149600 -0.610795 0.774232 0.165796 -0.007673
512	-0.063700 0.125400 0.013600 -0.783501 -0.603001 -0.149600 -0.019400 -0.216900 0.976001 -0.610795 0.774232 0.165796 -0.001567
511	-0.063700 0.125400 0.013600 0.019400 0.216900 -0.976001 -0.783501 -0.603001 -0.149600 -0.610795 0.774232 0.165796 1.002704
523	-0.033200 0.139700 0.017400 0.010600 0.218707 -0.975733 -0.957032 -0.280709 -0.073302 -0.285885 0.935287 0.208562 -0.006768
522	-0.033200 0.139700 0.017400 -0.957032 -0.280709 -0.073302 -0.010600 -0.218707 0.975733 -0.285885 0.935287 0.208562 -0.003394
521	-0.033200 0.139700 0.017400 0.010600 0.218707 -0.975733 -0.957032 -0.280709 -0.073302 -0.285885 0.935287 0.208562 0.999477
532	-0.033700 0.127400 0.048500 -0.052299 0.470092 -0.881084 -0.962183 -0.259895 -0.081599 -0.268613 0.843325 0.465444 -0.005008
533	-0.033700 0.127400 0.048500 -0.962183 -0.259895 -0.081599 0.052299 -0.470092 0.881084 -0.268613 0.843325 0.465444 -0.005305
531	-0.033700 0.127400 0.048500 -0.052299 0.470092 -0.881084 -0.962183 -0.259895 -0.081599 -0.268613 0.843325 0.465444 0.997997
542	-0.067200 0.108900 0.044300 -0.171191 0.377780 -0.909852 -0.709963 -0.687664 -0.151892 -0.684935 0.613236 0.393446 -0.002746
543	-0.067200 0.108900 0.044300 -0.709963 -0.687664 -0.151892 0.171191 -0.377780 0.909852 -0.684935 0.613236 0.393446 -0.004897
541	-0.067200 0.108900 0.044300 -0.171191 0.377780 -0.909852 -0.709963 -0.687664 -0.151892 -0.684935 0.613236 0.393446 0.996809
613	-0.035800 0.104800 0.075000 -0.009500 0.770803 -0.637003 -0.954604 -0.196601 -0.223701 -0.290678 0.611497 0.735917 -0.006687
612	-0.035800 0.104800 0.075000 -0.954604 -0.196601 -0.223701 0.009500 -0.770803 0.637003 -0.290678 0.611497 0.735917 -0.002624
611	-0.035800 0.104800 0.075000 -0.009500 0.770803 -0.637003 -0.954604 -0.196601 -0.223701 -0.290678 0.611497 0.735917 1.008772
622	0.000100 0.077500 0.096700 0.000200 0.917700 -0.397400 -1.000000 0.000400 0.000200 -0.000599 0.395007 0.918672 -0.004277
623	0.000100 0.077500 0.096700 -1.000000 0.000400 0.000200 -0.000200 -0.917700 0.397400 -0.000599 0.395007 0.918672 -0.005529
621	0.000100 0.077500 0.096700 0.000200 0.917700 -0.397400 -1.000000 0.000400 0.000200 -0.000599 0.395007 0.918672 1.002115
633	-0.018400 0.044000 0.106300 0.006700 0.983663 -0.179893 -0.990063 -0.018599 -0.139095 -0.126568 0.179703 0.975543 -0.005819
632	-0.018400 0.044000 0.106300 -0.990063 -0.018599 -0.139095 -0.006700 -0.983663 0.179893 -0.126568 0.179703 0.975543 0.001650
631	-0.018400 0.044000 0.106300 0.006700 0.983663 -0.179893 -0.990063 -0.018599 -0.139095 -0.126568 0.179703 0.975543 0.995988
642	-0.036800 0.075300 0.092200 -0.025099 0.896459 -0.442380 -0.950857 -0.157993 -0.266288 -0.307433 0.411325 0.858075 -0.003608
643	-0.036800 0.075300 0.092200 -0.950857 -0.157993 -0.266288 0.025099 -0.896459 0.442380 -0.307433 0.411325 0.858075 -0.006272
641	-0.036800 0.075300 0.092200 -0.025099 0.896459 -0.442380 -0.950857 -0.157993 -0.266288 -0.307433 0.411325 0.858075 1.005470
713	-0.018500 0.010500 0.109600 -0.990008 -0.012000 -0.140501 0.013700 -0.999808 -0.011400 -0.149440 -0.013576 0.988676 -0.005139
712	-0.018500 0.010500 0.109600 0.013700 -0.999808 -0.011400 0.990008 0.012000 0.140501 -0.149440 -0.013576 0.988676 -0.002118
711	-0.018500 0.010500 0.109600 -0.990008 -0.012000 -0.140501 0.013700 -0.999808 -0.011400 -0.149440 -0.013576 0.988676 0.994684
723	0.018600 0.010500 0.109600 0.988752 -0.007200 -0.149393 0.001100 0.999151 -0.040798 0.151026 0.033647 0.987956 -0.005304
722	0.018600 0.010500 0.109600 0.001100 0.999151 -0.040798 -0.988752 0.007200 0.149393 0.151026 0.033647 0.987956 -0.002402
721	0.018600 0.010500 0.109600 0.988752 -0.007200 -0.149393 0.001100 0.999151 -0.040798 0.151026 0.033647 0.987956 0.993709
733	0.018600 -0.023300 0.105900 -0.036600 -0.970305 -0.239101 0.987205 0.002100 -0.159701 0.150455 -0.239505 0.959165 -0.005557
732	0.018600 -0.023300 0.105900 0.987205 0.002100 -0.159701 0.036600 0.970305 0.239101 0.150455 -0.239505 0.959165 0.002633
731	0.018600 -0.023300 0.105900 -0.036600 -0.970305 -0.239101 0.987205 0.002100 -0.159701 0.150455 -0.239505 0.959165 0.992259
743	-0.018500 -0.023700 0.105800 0.039398 -0.969753 -0.240888 0.992852 0.010799 0.118594 -0.117627 -0.236883 0.964389 -0.004946
742	-0.018500 -0.023700 0.105800 0.992852 0.010799 0.118594 -0.039398 0.969753 0.240888 -0.117627 -0.236883 0.964389 -0.003720
741	-0.018500 -0.023700 0.105800 0.039398 -0.969753 -0.240888 0.992852 0.010799 0.118594 -0.117627 -0.236883 0.964389 0.992826
813	0.000100 0.144500 0.018700 -0.000300 0.251701 -0.967805 -0.999905 -0.012100 -0.002800 -0.008638 0.967375 0.253154 -0.006917
812	0.000100 0.144500 0.018700 -0.999905 -0.012100 -0.002800 0.000300 -0.251701 0.967805 -0.008638 0.967375 0.253154 -0.002234
811	0.000100 0.144500 0.018700 -0.000300 0.251701 -0.967805 -0.999905 -0.012100 -0.002800 -0.008638 0.967375 0.253154 1.005416
822	0.000100 0.131600 0.050000 0.000700 0.499200 -0.866500 -1.000000 0.000900 -0.000200 -0.002149 0.866243 0.499592 -0.003141
823	0.000100 0.131600 0.050000 -1.000000 0.000900 -0.000200 -0.000700 -0.499200 0.866500 -0.002149 0.866243 0.499592 -0.003899
821	0.000100 0.131600 0.050000 0.000700 0.499200 -0.866500 -1.000000 0.000900 -0.000200 -0.002149 0.866243 0.499592 0.995683
913	0.033100 0.139700 0.017300 -0.005300 0.236504 -0.971616 -0.964716 0.254804 0.067301 0.263982 0.937022 0.228671 -0.004668
912	0.033100 0.139700 0.017300 -0.964716 0.254804 0.067301 0.005300 -0.236504 0.971616 0.263982 0.937022 0.228671 -0.003629
911	0.033100 0.139700 0.017300 -0.005300 0.236504 -0.971616 -0.964716 0.254804 0.067301 0.263982 0.937022 0.228671 1.003295
923	0.063800 0.125300 0.013500 -0.022801 0.216906 -0.975926 -0.792421 0.591316 0.150004 0.623793 0.765800 0.156270 -0.006482
922	0.063800 0.125300 0.013500 -0.792421 0.591316 0.150004 0.022801 -0.216906 0.975926 0.623793 0.765800 0.156270 -0.000098
921	0.063800 0.125300 0.013500 -0.022801 0.216906 -0.975926 -0.792421 0.591316 0.150004 0.623793 0.765800 0.156270 0.999023
932	0.067100 0.108800 0.044400 0.174311 0.376424 -0.909958 -0.709645 0.688644 0.148909 0.676472 0.623492 0.391964 -0.001748
933	0.067100 0.108800 0.044400 -0.709645 0.688644 0.148909 -0.174311 -0.376424 0.909958 0.676472 0.623492 0.391964 -0.004150
931	0.067100 0.108800 0.044400 0.174311 0.376424 -0.909958 -0.709645 0.688644 0.148909 0.676472 0.623492 0.391964 1.001427
942	0.033800 0.127300 0.048600 0.055602 0.468914 -0.881527 -0.961529 0.263008 0.079302 0.264741 0.844505 0.465529 -0.004592
943	0.033800 0.127300 0.048600 -0.961529 0.263008 0.079302 -0.055602 -0.468914 0.881527 0.264741 0.844505 0.465529 -0.004315
941	0.033800 0.127300 0.048600 0.055602 0.468914 -0.881527 -0.961529 0.263008 0.079302 0.264741 0.844505 0.465529 1.001009
1013	0.000100 0.109300 0.077100 0.000900 0.759320 -0.650717 -0.999826 -0.013800 -0.017400 -0.024906 0.652787 0.757130 -0.007797
1012	0.000100 0.109300 0.077100 -0.999826 -0.013800 -0.017400 -0.000900 -0.759320 0.650717 -0.024906 0.652787 0.757130 -0.001000
1011	0.000100 0.109300 0.077100 0.000900 0.759320 -0.650717 -0.999826 -0.013800 -0.017400 -0.024906 0.652787 0.757130 1.002552
1023	0.035800 0.104800 0.075000 0.006800 0.768236 -0.640130 -0.964046 0.175308 0.200109 0.271091 0.615245 0.740254 -0.006050
1022	0.035800 0.104800 0.075000 -0.964046 0.175308 0.200109 -0.006800 -0.768236 0.640130 0.271091 0.615245 0.740254 -0.000453
1021	0.035800 0.104800 0.075000 0.006800 0.768236 -0.640130 -0.964046 0.175308 0.200109 0.271091 0.615245 0.740254 0.996659
1032	0.036800 0.075200 0.092300 0.029199 0.895982 -0.442991 -0.950980 0.161397 0.263795 0.307745 0.408118 0.859494 -0.000076
1033	0.036800 0.075200 0.092300 -0.950980 0.161397 0.263795 -0.029199 -0.895982 0.442991 0.307745 0.408118 0.859494 -0.003558
1031	0.036800 0.075200 0.092300 0.029199 0.895982 -0.442991 -0.950980 0.161397 0.263795 0.307745 0.408118 0.859494 0.972969
1043	0.018400 0.044200 0.106200 -0.013699 0.979661 -0.200192 -0.993160 0.009900 0.116395 0.128140 0.204017 0.970543 -0.007041
1042	0.018400 0.044200 0.106200 -0.993160 0.009900 0.116395 0.013699 -0.979661 0.200192 0.128140 0.204017 0.970543 -0.001841
1041	0.018400 0.044200 0.106200 -0.013699 0.979661 -0.200192 -0.993160 0.009900 0.116395 0.128140 0.204017 0.970543 0.989791
1112	0.052500 0.040600 0.095300 0.875761 -0.017599 -0.482379 -0.056398 0.988756 -0.138494 0.478166 0.146691 0.865931 -0.002897
1113	0.052500 0.040600 0.095300 -0.056398 0.988756 -0.138494 -0.875761 0.017599 0.482379 0.478166 0.146691 0.865931 -0.006403
1111	0.052500 0.040600 0.095300 0.875761 -0.017599 -0.482379 -0.056398 0.988756 -0.138494 0.478166 0.146691 0.865931 0.965785
1123	0.080900 0.041300 0.072100 0.643867 0.052097 -0.763361 -0.171791 0.981950 -0.077896 0.748493 0.181121 0.637925 -0.006553
1122	0.080900 0.041300 0.072100 -0.171791 0.981950 -0.077896 -0.643867 -0.052097 0.763361 0.748493 0.181121 0.637925 -0.002402
1121	0.080900 0.041300 0.072100 0.643867 0.052097 -0.763361 -0.171791 0.981950 -0.077896 0.748493 0.181121 0.637925 0.997944
1133	0.082800 0.006100 0.072800 0.645314 0.000600 -0.763917 0.011100 0.999922 0.010200 0.765264 -0.015248 0.643530 -0.006991
1132	0.082800 0.006100 0.072800 0.011100 0.999922 0.010200 -0.645314 -0.000600 0.763917 0.765264 -0.015248 0.643530 -0.002807
1131	0.082800 0.006100 0.072800 0.645314 0.000600 -0.763917 0.011100 0.999922 0.010200 0.765264 -0.015248 0.643530 1.002615
1142	0.053500 0.006200 0.097000 0.871295 -0.018300 -0.490397 0.028700 0.999494 0.013700 0.491276 -0.029970 0.870486 -0.002214
1143	0.053500 0.006200 0.097000 0.028700 0.999494 0.013700 -0.871295 0.018300 0.490397 0.491276 -0.029970 0.870486 -0.007557
1141	0.053500 0.006200 0.097000 0.871295 -0.018300 -0.490397 0.028700 0.999494 0.013700 0.491276 -0.029970 0.870486 0.993130
1213	0.086200 0.098600 0.008900 0.046901 0.120402 -0.991617 -0.502008 0.861115 0.080801 0.865471 0.491229 0.098209 -0.005159
1212	0.086200 0.098600 0.008900 -0.502008 0.861115 0.080801 -0.046901 -0.120402 0.991617 0.865471 0.491229 0.098209 -0.002565
1211	0.086200 0.098600 0.008900 0.046901 0.120402 -0.991617 -0.502008 0.861115 0.080801 0.865471 0.491229 0.098209 0.999497
1223	0.100300 0.066000 0.008200 0.067403 0.027601 -0.997344 -0.315514 0.948942 0.005000 0.947333 0.311662 0.073630 -0.005939
1222	0.100300 0.066000 0.008200 -0.315514 0.948942 0.005000 -0.067403 -0.027601 0.997344 0.947333 0.311662 0.073630 -0.003579
1221	0.100300 0.066000 0.008200 0.067403 0.027601 -0.997344 -0.315514 0.948942 0.005000 0.947333 0.311662 0.073630 1.004479
1232	0.088700 0.075700 0.041200 0.351800 0.119000 -0.928499 -0.371200 0.928299 -0.021700 0.861781 0.352202 0.365036 -0.002188
1233	0.088700 0.075700 0.041200 -0.371200 0.928299 -0.021700 -0.351800 -0.119000 0.928499 0.861781 0.352202 0.365036 -0.008025
1231	0.088700 0.075700 0.041200 0.351800 0.119000 -0.928499 -0.371200 0.928299 -0.021700 0.861781 0.352202 0.365036 1.000095
1243	0.069900 0.075800 0.070900 0.612621 0.238208 -0.753626 -0.425815 0.902831 -0.060702 0.667280 0.359379 0.652365 -0.007753
1242	0.069900 0.075800 0.070900 -0.425815 0.902831 -0.060702 -0.612621 -0.238208 0.753626 0.667280 0.359379 0.652365 -0.001900
1241	0.069900 0.075800 0.070900 0.612621 0.238208 -0.753626 -0.425815 0.902831 -0.060702 0.667280 0.359379 0.652365 0.999161
1312	0.098900 0.040400 0.041300 0.343005 0.060601 -0.937414 -0.162403 0.986715 0.004300 0.925583 0.152645 0.346396 -0.006577
1313	0.098900 0.040400 0.041300 -0.162403 0.986715 0.004300 -0.343005 -0.060601 0.937414 0.925583 0.152645 0.346396 -0.005867
1311	0.098900 0.040400 0.041300 0.343005 0.060601 -0.937414 -0.162403 0.986715 0.004300 0.925583 0.152645 0.346396 1.000118
1323	0.107400 0.032900 0.008100 0.062598 0.011400 -0.997974 -0.129597 0.991574 0.003200 0.989222 0.130948 0.065474 -0.004904
1322	0.107400 0.032900 0.008100 -0.129597 0.991574 0.003200 -0.062598 -0.011400 0.997974 0.989222 0.130948 0.065474 -0.006962
1321	0.107400 0.032900 0.008100 0.062598 0.011400 -0.997974 -0.129597 0.991574 0.003200 0.989222 0.130948 0.065474 0.996473
1333	0.108300 -0.001100 0.006800 0.050900 -0.002300 -0.998701 0.060100 0.998201 0.000800 0.997002 -0.057317 0.051938 -0.005838
1332	0.108300 -0.001100 0.006800 0.060100 0.998201 0.000800 -0.050900 0.002300 0.998701 0.997002 -0.057317 0.051938 -0.007581
1331	0.108300 -0.001100 0.006800 0.050900 -0.002300 -0.998701 0.060100 0.998201 0.000800 0.997002 -0.057317 0.051938 1.018577
1342	0.101000 0.004400 0.041000 0.353004 0.007800 -0.935611 0.038200 0.999012 0.022700 0.937037 -0.044573 0.346356 -0.007333
1343	0.101000 0.004400 0.041000 0.038200 0.999012 0.022700 -0.353004 -0.007800 0.935611 0.937037 -0.044573 0.346356 -0.006688
1341	0.101000 0.004400 0.041000 0.353004 0.007800 -0.935611 0.038200 0.999012 0.022700 0.937037 -0.044573 0.346356 1.000968
1412	0.102000 0.063000 -0.026000 -0.014301 0.003500 -0.999948 -0.281114 0.959646 0.007400 0.959047 0.283176 -0.005301 -0.010054
1413	0.102000 0.063000 -0.026000 -0.281114 0.959646 0.007400 0.014301 -0.003500 0.999948 0.959047 0.283176 -0.005301 -0.003395
1411	0.102000 0.063000 -0.026000 -0.014301 0.003500 -0.999948 -0.281114 0.959646 0.007400 0.959047 0.283176 -0.005301 1.011524
1423	0.106500 0.046900 -0.060000 0.012000 0.008300 -0.999894 -0.179699 0.983694 0.006000 0.984020 0.176784 0.021095 -0.006136
1422	0.106500 0.046900 -0.060000 -0.179699 0.983694 0.006000 -0.012000 -0.008300 0.999894 0.984020 0.176784 0.021095 -0.005391
1421	0.106500 0.046900 -0.060000 0.012000 0.008300 -0.999894 -0.179699 0.983694 0.006000 0.984020 0.176784 0.021095 0.997744
1433	0.109800 0.013100 -0.062200 0.012400 0.004400 -0.999913 -0.012800 0.999913 0.004200 0.999683 0.007745 0.023686 -0.004833
1432	0.109800 0.013100 -0.062200 -0.012800 0.999913 0.004200 -0.012400 -0.004400 0.999913 0.999683 0.007745 0.023686 -0.005211
1431	0.109800 0.013100 -0.062200 0.012400 0.004400 -0.999913 -0.012800 0.999913 0.004200 0.999683 0.007745 0.023686 1.004515
1442	0.108300 0.030100 -0.026200 -0.009900 0.004100 -0.999888 -0.095799 0.995388 0.005100 0.994565 0.103589 -0.010141 -0.007362
1443	0.108300 0.030100 -0.026200 -0.095799 0.995388 0.005100 0.009900 -0.004100 0.999888 0.994565 0.103589 -0.010141 -0.008994
1441	0.108300 0.030100 -0.026200 -0.009900 0.004100 -0.999888 -0.095799 0.995388 0.005100 0.994565 0.103589 -0.010141 0.998474
1512	-0.108800 -0.003200 -0.028400 0.020599 0.000800 -0.999771 0.080298 -0.996771 0.000800 -0.995784 -0.088767 -0.023019 -0.004284
1513	-0.108800 -0.003200 -0.028400 0.080298 -0.996771 0.000800 -0.020599 -0.000800 0.999771 -0.995784 -0.088767 -0.023019 -0.006180
1511	-0.108800 -0.003200 -0.028400 0.020599 0.000800 -0.999771 0.080298 -0.996771 0.000800 -0.995784 -0.088767 -0.023019 0.999096
1522	-0.101700 -0.036000 -0.028100 0.028399 0.002900 -0.999575 0.340892 -0.940077 0.007000 -0.936065 -0.350500 -0.030405 -0.002629
1523	-0.101700 -0.036000 -0.028100 0.340892 -0.940077 0.007000 -0.028399 -0.002900 0.999575 -0.936065 -0.350500 -0.030405 -0.006204
1521	-0.101700 -0.036000 -0.028100 0.028399 0.002900 -0.999575 0.340892 -0.940077 0.007000 -0.936065 -0.350500 -0.030405 1.000050
1533	-0.095100 -0.052400 -0.062300 -0.014600 0.000600 -0.999893 0.465497 -0.884994 -0.007300 -0.891131 -0.453345 0.018837 -0.003666
1532	-0.095100 -0.052400 -0.062300 0.465497 -0.884994 -0.007300 0.014600 -0.000600 0.999893 -0.891131 -0.453345 0.018837 -0.006987
1531	-0.095100 -0.052400 -0.062300 -0.014600 0.000600 -0.999893 0.465497 -0.884994 -0.007300 -0.891131 -0.453345 0.018837 0.995645
1543	-0.106800 -0.020500 -0.062500 -0.013500 0.001800 -0.999907 0.201801 -0.979407 -0.004500 -0.981083 -0.192357 0.021637 -0.003508
1542	-0.106800 -0.020500 -0.062500 0.201801 -0.979407 -0.004500 0.013500 -0.001800 0.999907 -0.981083 -0.192357 0.021637 -0.006737
1541	-0.106800 -0.020500 -0.062500 -0.013500 0.001800 -0.999907 0.201801 -0.979407 -0.004500 -0.981083 -0.192357 0.021637 1.004659
1613	-0.101700 -0.033900 0.005600 -0.068397 -0.031599 -0.997158 0.340386 -0.940260 0.006500 -0.941771 -0.328603 0.071311 -0.004439
1612	-0.101700 -0.033900 0.005600 0.340386 -0.940260 0.006500 0.068397 0.031599 0.997158 -0.941771 -0.328603 0.071311 -0.007552
1611	-0.101700 -0.033900 0.005600 -0.068397 -0.031599 -0.997158 0.340386 -0.940260 0.006500 -0.941771 -0.328603 0.071311 0.991040
1622	-0.095200 -0.030800 0.039100 -0.325001 -0.058300 -0.943902 0.308901 -0.949902 -0.047600 -0.894389 -0.308983 0.323412 -0.005286
1623	-0.095200 -0.030800 0.039100 0.308901 -0.949902 -0.047600 0.325001 0.058300 0.943902 -0.894389 -0.308983 0.323412 -0.004702
1621	-0.095200 -0.030800 0.039100 -0.325001 -0.058300 -0.943902 0.308901 -0.949902 -0.047600 -0.894389 -0.308983 0.323412 1.004372
1632	-0.078100 -0.062800 0.039400 -0.261799 -0.201399 -0.943897 0.596898 -0.802297 0.005600 -0.756812 -0.564968 0.328699 -0.005414
1633	-0.078100 -0.062800 0.039400 0.596898 -0.802297 0.005600 0.261799 0.201399 0.943897 -0.756812 -0.564968 0.328699 -0.004220
1631	-0.078100 -0.062800 0.039400 -0.261799 -0.201399 -0.943897 0.596898 -0.802297 0.005600 -0.756812 -0.564968 0.328699 1.000872
1643	-0.086600 -0.064000 0.005500 -0.060699 -0.048399 -0.996982 0.570290 -0.821385 0.005100 -0.819813 -0.567025 0.079908 -0.004975
1642	-0.086600 -0.064000 0.005500 0.570290 -0.821385 0.005100 0.060699 0.048399 0.996982 -0.819813 -0.567025 0.079908 -0.007468
1641	-0.086600 -0.064000 0.005500 -0.060699 -0.048399 -0.996982 0.570290 -0.821385 0.005100 -0.819813 -0.567025 0.079908 1.005648
1713	-0.075800 -0.079700 -0.062100 0.000000 -0.015300 -0.999883 0.678188 -0.734787 0.011200 -0.740406 -0.672067 0.010604 -0.002097
1712	-0.075800 -0.079700 -0.062100 0.678188 -0.734787 0.011200 0.000000 0.015300 0.999883 -0.740406 -0.672067 0.010604 -0.006739
1711	-0.075800 -0.079700 -0.062100 0.000000 -0.015300 -0.999883 0.678188 -0.734787 0.011200 -0.740406 -0.672067 0.010604 1.001967
1722	-0.086100 -0.066000 -0.028200 0.022801 0.009400 -0.999727 0.571015 -0.820922 0.005300 -0.815348 -0.578407 -0.025454 -0.000227
1723	-0.086100 -0.066000 -0.028200 0.571015 -0.820922 0.005300 -0.022801 -0.009400 0.999727 -0.815348 -0.578407 -0.025454 -0.004618
1721	-0.086100 -0.066000 -0.028200 0.022801 0.009400 -0.999727 0.571015 -0.820922 0.005300 -0.815348 -0.578407 -0.025454 0.983722
1732	-0.063200 -0.090500 -0.027800 0.016000 0.023501 -0.999624 0.807319 -0.590114 -0.000900 -0.578663 -0.814449 -0.042528 -0.006617
1733	-0.063200 -0.090500 -0.027800 0.807319 -0.590114 -0.000900 -0.016000 -0.023501 0.999624 -0.578663 -0.814449 -0.042528 -0.005836
1731	-0.063200 -0.090500 -0.027800 0.016000 0.023501 -0.999624 0.807319 -0.590114 -0.000900 -0.578663 -0.814449 -0.042528 0.999222
1743	-0.048900 -0.099400 -0.062100 -0.008800 -0.009400 -0.999917 0.895915 -0.444308 -0.003700 -0.457269 -0.889053 0.021856 -0.003037
1742	-0.048900 -0.099400 -0.062100 0.895915 -0.444308 -0.003700 0.008800 0.009400 0.999917 -0.457269 -0.889053 0.021856 -0.001216
1741	-0.048900 -0.099400 -0.062100 -0.008800 -0.009400 -0.999917 0.895915 -0.444308 -0.003700 -0.457269 -0.889053 0.021856 1.001460
1813	-0.078600 -0.028700 0.069600 -0.617503 -0.040900 -0.785504 0.249001 -0.957505 -0.145901 -0.744739 -0.287611 0.602196 -0.005797
1812	-0.078600 -0.028700 0.069600 0.249001 -0.957505 -0.145901 0.617503 0.040900 0.785504 -0.744739 -0.287611 0.602196 -0.007062
1811	-0.078600 -0.028700 0.069600 -0.617503 -0.040900 -0.785504 0.249001 -0.957505 -0.145901 -0.744739 -0.287611 0.602196 1.012257
1822	-0.051800 -0.027700 0.092700 -0.859116 0.025300 -0.511209 0.109902 -0.966318 -0.232704 -0.502146 -0.255471 0.826184 -0.000573
1823	-0.051800 -0.027700 0.092700 0.109902 -0.966318 -0.232704 0.859116 -0.025300 0.511209 -0.502146 -0.255471 0.826184 -0.008961
1821	-0.051800 -0.027700 0.092700 -0.859116 0.025300 -0.511209 0.109902 -0.966318 -0.232704 -0.502146 -0.255471 0.826184 0.997294
1832	-0.018100 -0.054200 0.092300 0.070502 -0.841822 -0.535214 0.989126 -0.010400 0.146704 -0.133002 -0.537473 0.832724 -0.002476
1833	-0.018100 -0.054200 0.092300 0.989126 -0.010400 0.146704 -0.070502 0.841822 0.535214 -0.133002 -0.537473 0.832724 -0.007548
1831	-0.018100 -0.054200 0.092300 0.070502 -0.841822 -0.535214 0.989126 -0.010400 0.146704 -0.133002 -0.537473 0.832724 1.003909
1843	-0.055200 -0.062700 0.070700 -0.383905 -0.499806 -0.776409 0.785209 -0.619107 0.010300 -0.497325 -0.588199 0.637718 -0.005381
1842	-0.055200 -0.062700 0.070700 0.785209 -0.619107 0.010300 0.383905 0.499806 0.776409 -0.497325 -0.588199 0.637718 0.001391
1841	-0.055200 -0.062700 0.070700 -0.383905 -0.499806 -0.776409 0.785209 -0.619107 0.010300 -0.497325 -0.588199 0.637718 1.003180
1912	-0.051300 -0.086100 0.039700 -0.154503 -0.301206 -0.940920 0.880219 -0.474510 0.007400 -0.443309 -0.829841 0.338874 -0.005850
1913	-0.051300 -0.086100 0.039700 0.880219 -0.474510 0.007400 0.154503 0.301206 0.940920 -0.443309 -0.829841 0.338874 -0.003175
1911	-0.051300 -0.086100 0.039700 -0.154503 -0.301206 -0.940920 0.880219 -0.474510 0.007400 -0.443309 -0.829841 0.338874 0.994288
1923	-0.033500 -0.103300 0.006200 -0.044700 -0.142400 -0.988799 0.959299 -0.282400 -0.002700 -0.274248 -0.950128 0.148470 -0.003541
1922	-0.033500 -0.103300 0.006200 0.959299 -0.282400 -0.002700 0.044700 0.142400 0.988799 -0.274248 -0.950128 0.148470 -0.008324
1921	-0.033500 -0.103300 0.006200 -0.044700 -0.142400 -0.988799 0.959299 -0.282400 -0.002700 -0.274248 -0.950128 0.148470 0.999448
1932	-0.033100 -0.105100 -0.027800 0.007900 0.022401 -0.999723 0.951222 -0.308507 0.000600 -0.296479 -0.954737 -0.023789 -0.003959
1933	-0.033100 -0.105100 -0.027800 0.951222 -0.308507 0.000600 -0.007900 -0.022401 0.999723 -0.296479 -0.954737 -0.023789 -0.004512
1931	-0.033100 -0.105100 -0.027800 0.007900 0.022401 -0.999723 0.951222 -0.308507 0.000600 -0.296479 -0.954737 -0.023789 0.999662
1943	-0.063600 -0.088400 0.006000 -0.064102 -0.086003 -0.994231 0.809725 -0.586818 -0.001400 -0.588929 -0.800922 0.108076 -0.002994
1942	-0.063600 -0.088400 0.006000 0.809725 -0.586818 -0.001400 0.064102 0.086003 0.994231 -0.588929 -0.800922 0.108076 -0.003969
1941	-0.063600 -0.088400 0.006000 -0.064102 -0.086003 -0.994231 0.809725 -0.586818 -0.001400 -0.588929 -0.800922 0.108076 0.995853
2013	-0.018600 -0.080100 0.069000 -0.001300 -0.622289 -0.782786 0.992783 -0.094798 0.073699 -0.119589 -0.775489 0.619930 -0.003229
2012	-0.018600 -0.080100 0.069000 0.992783 -0.094798 0.073699 0.001300 0.622289 0.782786 -0.119589 -0.775489 0.619930 -0.002329
2011	-0.018600 -0.080100 0.069000 -0.001300 -0.622289 -0.782786 0.992783 -0.094798 0.073699 -0.119589 -0.775489 0.619930 1.006660
2023	0.018600 -0.080200 0.068900 0.000200 -0.620001 -0.784601 0.986601 0.128300 -0.101100 0.156310 -0.771167 0.617138 -0.004473
2022	0.018600 -0.080200 0.068900 0.986601 0.128300 -0.101100 -0.000200 0.620001 0.784601 0.156310 -0.771167 0.617138 -0.006152
2021	0.018600 -0.080200 0.068900 0.000200 -0.620001 -0.784601 0.986601 0.128300 -0.101100 0.156310 -0.771167 0.617138 0.996177
2032	0.016900 -0.097200 0.039700 -0.000300 -0.372910 -0.927926 0.990028 0.130604 -0.052801 0.145438 -0.917348 0.370559 -0.006293
2033	0.016900 -0.097200 0.039700 0.990028 0.130604 -0.052801 0.000300 0.372910 0.927926 0.145438 -0.917348 0.370559 0.000023
2031	0.016900 -0.097200 0.039700 -0.000300 -0.372910 -0.927926 0.990028 0.130604 -0.052801 0.145438 -0.917348 0.370559 1.002726
2042	-0.017000 -0.097200 0.039700 -0.000500 -0.373789 -0.927473 0.989971 -0.131196 0.052398 -0.137214 -0.919022 0.369549 -0.006315
2043	-0.017000 -0.097200 0.039700 0.989971 -0.131196 0.052398 0.000500 0.373789 0.927473 -0.137214 -0.919022 0.369549 -0.002625
2041	-0.017000 -0.097200 0.039700 -0.000500 -0.373789 -0.927473 0.989971 -0.131196 0.052398 -0.137214 -0.919022 0.369549 1.000404
2113	0.000000 -0.108600 0.007000 -0.000100 -0.168403 -0.985718 0.999819 0.020400 -0.003600 0.017363 -0.985706 0.167559 -0.004498
2112	0.000000 -0.108600 0.007000 0.999819 0.020400 -0.003600 0.000100 0.168403 0.985718 0.017363 -0.985706 0.167559 -0.005065
2111	0.000000 -0.108600 0.007000 -0.000100 -0.168403 -0.985718 0.999819 0.020400 -0.003600 0.017363 -0.985706 0.167559 0.998681
2122	0.000000 -0.110600 -0.027500 0.000000 0.040700 -0.999200 1.000000 -0.000400 0.000000 0.003586 -0.999280 -0.037294 -0.003229
2123	0.000000 -0.110600 -0.027500 1.000000 -0.000400 0.000000 0.000000 -0.040700 0.999200 0.003586 -0.999280 -0.037294 -0.003387
2121	0.000000 -0.110600 -0.027500 0.000000 0.040700 -0.999200 1.000000 -0.000400 0.000000 0.003586 -0.999280 -0.037294 0.990161
2133	0.017000 -0.109800 -0.061800 0.009200 -0.010800 -0.999899 0.985499 0.169500 0.007300 0.156897 -0.987470 0.016611 -0.004562
2132	0.017000 -0.109800 -0.061800 0.985499 0.169500 0.007300 -0.009200 0.010800 0.999899 0.156897 -0.987470 0.016611 -0.004452
2131	0.017000 -0.109800 -0.061800 0.009200 -0.010800 -0.999899 0.985499 0.169500 0.007300 0.156897 -0.987470 0.016611 0.998832
2143	-0.017100 -0.109800 -0.061900 -0.006200 -0.012200 -0.999906 0.982706 -0.185001 -0.003800 -0.191491 -0.981363 0.015706 -0.009580
2142	-0.017100 -0.109800 -0.061900 0.982706 -0.185001 -0.003800 0.006200 0.012200 0.999906 -0.191491 -0.981363 0.015706 -0.007822
2141	-0.017100 -0.109800 -0.061900 -0.006200 -0.012200 -0.999906 0.982706 -0.185001 -0.003800 -0.191491 -0.981363 0.015706 1.006213
2212	0.051700 -0.027600 0.092800 0.859962 0.026999 -0.509577 0.107595 0.966557 0.232790 0.496238 -0.261585 0.827838 -0.003378
2213	0.051700 -0.027600 0.092800 0.107595 0.966557 0.232790 -0.859962 -0.026999 0.509577 0.496238 -0.261585 0.827838 -0.006904
2211	0.051700 -0.027600 0.092800 0.859962 0.026999 -0.509577 0.107595 0.966557 0.232790 0.496238 -0.261585 0.827838 0.999873
2223	0.078600 -0.028400 0.069800 0.627473 -0.042698 -0.777467 0.223290 0.966359 0.127195 0.746040 -0.260191 0.612958 -0.007486
2222	0.078600 -0.028400 0.069800 0.223290 0.966359 0.127195 -0.627473 0.042698 0.777467 0.746040 -0.260191 0.612958 -0.002573
2221	0.078600 -0.028400 0.069800 0.627473 -0.042698 -0.777467 0.223290 0.966359 0.127195 0.746040 -0.260191 0.612958 1.013928
2233	0.055300 -0.062800 0.070600 0.377694 -0.493292 -0.783588 0.759388 0.649190 -0.042699 0.514088 -0.588905 0.623618 -0.005276
2232	0.055300 -0.062800 0.070600 0.759388 0.649190 -0.042699 -0.377694 0.493292 0.783588 0.514088 -0.588905 0.623618 -0.001640
2231	0.055300 -0.062800 0.070600 0.377694 -0.493292 -0.783588 0.759388 0.649190 -0.042699 0.514088 -0.588905 0.623618 0.996595
2242	0.018200 -0.054200 0.092200 -0.069799 -0.841688 -0.535392 0.989086 0.011400 -0.146898 0.134856 -0.539341 0.831215 -0.003708
2243	0.018200 -0.054200 0.092200 0.989086 0.011400 -0.146898 0.069799 0.841688 0.535392 0.134856 -0.539341 0.831215 -0.007634
2241	0.018200 -0.054200 0.092200 -0.069799 -0.841688 -0.535392 0.989086 0.011400 -0.146898 0.134856 -0.539341 0.831215 0.993246
2312	0.051300 -0.086100 0.039700 0.153007 -0.302213 -0.940940 0.880738 0.473520 -0.008900 0.451586 -0.827339 0.334032 -0.004787
2313	0.051300 -0.086100 0.039700 0.880738 0.473520 -0.008900 -0.153007 0.302213 0.940940 0.451586 -0.827339 0.334032 -0.005430
2311	0.051300 -0.086100 0.039700 0.153007 -0.302213 -0.940940 0.880738 0.473520 -0.008900 0.451586 -0.827339 0.334032 1.002108
2323	0.063700 -0.088400 0.006200 0.056398 -0.071297 -0.995860 0.798667 0.601776 0.002200 0.590184 -0.802026 0.091836 -0.004800
2322	0.063700 -0.088400 0.006200 0.798667 0.601776 0.002200 -0.056398 0.071297 0.995860 0.590184 -0.802026 0.091836 -0.006819
2321	0.063700 -0.088400 0.006200 0.056398 -0.071297 -0.995860 0.798667 0.601776 0.002200 0.590184 -0.802026 0.091836 0.998197
2332	0.033000 -0.105100 -0.027700 -0.004900 0.023300 -0.999715 0.951414 0.307905 0.002500 0.321374 -0.946649 -0.023860 -0.004473
2333	0.033000 -0.105100 -0.027700 0.951414 0.307905 0.002500 0.004900 -0.023300 0.999715 0.321374 -0.946649 -0.023860 -0.005361
2331	0.033000 -0.105100 -0.027700 -0.004900 0.023300 -0.999715 0.951414 0.307905 0.002500 0.321374 -0.946649 -0.023860 1.003182
2343	0.033300 -0.103400 0.006300 0.041500 -0.123300 -0.991501 0.948001 0.318300 0.000100 0.315005 -0.940651 0.126270 -0.005765
2342	0.033300 -0.103400 0.006300 0.948001 0.318300 0.000100 -0.041500 0.123300 0.991501 0.315005 -0.940651 0.126270 -0.006925
2341	0.033300 -0.103400 0.006300 0.041500 -0.123300 -0.991501 0.948001 0.318300 0.000100 0.315005 -0.940651 0.126270 1.003657
2412	0.095200 -0.030600 0.039200 0.323999 -0.063600 -0.943897 0.309099 0.950098 0.042100 0.895961 -0.304672 0.323143 -0.007098
2413	0.095200 -0.030600 0.039200 0.309099 0.950098 0.042100 -0.323999 0.063600 0.943897 0.895961 -0.304672 0.323143 -0.005160
2411	0.095200 -0.030600 0.039200 0.323999 -0.063600 -0.943897 0.309099 0.950098 0.042100 0.895961 -0.304672 0.323143 0.992542
2423	0.101700 -0.033800 0.005800 0.066101 -0.028300 -0.997412 0.314004 0.949411 -0.006100 0.946001 -0.316462 0.070175 -0.004068
2422	0.101700 -0.033800 0.005800 0.314004 0.949411 -0.006100 -0.066101 0.028300 0.997412 0.946001 -0.316462 0.070175 -0.006065
2421	0.101700 -0.033800 0.005800 0.066101 -0.028300 -0.997412 0.314004 0.949411 -0.006100 0.946001 -0.316462 0.070175 1.006154
2433	0.086600 -0.063900 0.005600 0.060099 -0.044799 -0.997187 0.549293 0.835589 -0.004400 0.832767 -0.548670 0.073819 -0.004859
2432	0.086600 -0.063900 0.005600 0.549293 0.835589 -0.004400 -0.060099 0.044799 0.997187 0.832767 -0.548670 0.073819 -0.006673
2431	0.086600 -0.063900 0.005600 0.060099 -0.044799 -0.997187 0.549293 0.835589 -0.004400 0.832767 -0.548670 0.073819 1.009227
2442	0.078100 -0.062900 0.039400 0.259507 -0.203505 -0.944125 0.598716 0.800921 -0.008000 0.764484 -0.554937 0.328028 -0.003981
2443	0.078100 -0.062900 0.039400 0.598716 0.800921 -0.008000 -0.259507 0.203505 0.944125 0.764484 -0.554937 0.328028 -0.004099
2441	0.078100 -0.062900 0.039400 0.259507 -0.203505 -0.944125 0.598716 0.800921 -0.008000 0.764484 -0.554937 0.328028 1.014407
2512	0.063000 -0.090600 -0.027600 -0.013600 0.025200 -0.999598 0.808198 0.588899 0.003800 0.592950 -0.803981 -0.044931 -0.005890
2513	0.063000 -0.090600 -0.027600 0.808198 0.588899 0.003800 0.013600 -0.025200 0.999598 0.592950 -0.803981 -0.044931 -0.005457
2511	0.063000 -0.090600 -0.027600 -0.013600 0.025200 -0.999598 0.808198 0.588899 0.003800 0.592950 -0.803981 -0.044931 0.999059
2522	0.086100 -0.066100 -0.028000 -0.021299 0.011700 -0.999673 0.571385 0.820678 -0.002600 0.828154 -0.559992 -0.023722 -0.005819
2523	0.086100 -0.066100 -0.028000 0.571385 0.820678 -0.002600 0.021299 -0.011700 0.999673 0.828154 -0.559992 -0.023722 -0.004215
2521	0.086100 -0.066100 -0.028000 -0.021299 0.011700 -0.999673 0.571385 0.820678 -0.002600 0.828154 -0.559992 -0.023722 0.998719
2533	0.075700 -0.079800 -0.062000 0.014300 -0.000900 -0.999897 0.690798 0.722998 0.009300 0.710404 -0.703673 0.012540 -0.006864
2532	0.075700 -0.079800 -0.062000 0.690798 0.722998 0.009300 -0.014300 0.000900 0.999897 0.710404 -0.703673 0.012540 -0.005727
2531	0.075700 -0.079800 -0.062000 0.014300 -0.000900 -0.999897 0.690798 0.722998 0.009300 0.710404 -0.703673 0.012540 0.992632
2543	0.048800 -0.099400 -0.062100 0.011000 -0.007000 -0.999915 0.903014 0.429706 0.007000 0.419667 -0.907454 0.019603 -0.005131
2542	0.048800 -0.099400 -0.062100 0.903014 0.429706 0.007000 -0.011000 0.007000 0.999915 0.419667 -0.907454 0.019603 -0.008017
2541	0.048800 -0.099400 -0.062100 0.011000 -0.007000 -0.999915 0.903014 0.429706 0.007000 0.419667 -0.907454 0.019603 0.999134
2612	0.108700 -0.003300 -0.028000 -0.020500 0.003400 -0.999813 0.081001 0.996713 0.001700 0.997594 -0.066695 -0.018680 -0.005401
2613	0.108700 -0.003300 -0.028000 0.081001 0.996713 0.001700 0.020500 -0.003400 0.999813 0.997594 -0.066695 -0.018680 -0.007139
2611	0.108700 -0.003300 -0.028000 -0.020500 0.003400 -0.999813 0.081001 0.996713 0.001700 0.997594 -0.066695 -0.018680 0.990098
2623	0.106800 -0.020600 -0.062100 0.013100 0.004500 -0.999904 0.215701 0.976404 0.007200 0.974681 -0.222975 0.016371 -0.007752
2622	0.106800 -0.020600 -0.062100 0.215701 0.976404 0.007200 -0.013100 -0.004500 0.999904 0.974681 -0.222975 0.016371 -0.007176
2621	0.106800 -0.020600 -0.062100 0.013100 0.004500 -0.999904 0.215701 0.976404 0.007200 0.974681 -0.222975 0.016371 0.991652
2633	0.095100 -0.052400 -0.062000 0.015200 0.003300 -0.999879 0.476590 0.879082 0.010100 0.877341 -0.479666 0.013500 -0.008096
2632	0.095100 -0.052400 -0.062000 0.476590 0.879082 0.010100 -0.015200 -0.003300 0.999879 0.877341 -0.479666 0.013500 -0.005400
2631	0.095100 -0.052400 -0.062000 0.015200 0.003300 -0.999879 0.476590 0.879082 0.010100 0.877341 -0.479666 0.013500 0.997717
2642	0.101700 -0.036100 -0.027800 -0.027699 0.005300 -0.999573 0.341491 0.939874 -0.004500 0.944448 -0.327598 -0.026301 -0.003963
2643	0.101700 -0.036100 -0.027800 0.341491 0.939874 -0.004500 0.027699 -0.005300 0.999573 0.944448 -0.327598 -0.026301 -0.006557
2641	0.101700 -0.036100 -0.027800 -0.027699 0.005300 -0.999573 0.341491 0.939874 -0.004500 0.944448 -0.327598 -0.026301 0.998815
