1.0931	-0.26404	-0.037988	0.01738	0.003606	0.0055396	0.0061703	0.0036289	-0.00027033	-0.0020549	-0.0027942	-0.0032614	0.0049998	0.0026684	0.0043376	0.011472	0.01273	-0.078844	-0.045392	-0.0061248	0.017892	-0.0027037	0.0021146	-0.00083122	-0.0027559	0.0011274	0.0028719	0.013352	0.017519	0.013759	0.021842	-0.0028022	0.0046269	0.0018847	-0.0035264	0.0047426	-0.00032523	-0.0015465	0.030922	-0.0084859	0.020347	-0.0033655	0.0038363	0.00059447	-0.0024656	0.015353	0.0010165	-0.0021604	0.013936	-0.0030558	-0.0041173	0.0031803	-0.0045751	0.0042528	0.013636	0.0022805	0.027758	0.008781	0.0011794	0.0051624	0.0052054	0.019945	0.010005	-0.02598	-0.14897	-0.089271	-0.2398	-0.051578	0.018218	0.016743	0.0093259	0.0049651	-0.013529	0.0086013	0.012847	0.0022321	-0.0050414	0.013623	0.01665	-0.039543	-0.1107	-0.12946	-0.00082076	0.0054249	0.018646	0.019967	-0.0019231	0.011929	0.0067931	0.0063885	0.0096481	-0.0028831	-0.0033835	0.0089955	0.0037929	-0.0049164	0.011894	0.015461	0.031982	0.017244	0.0019476	0.0087593	0.0054784	-0.0065868	0.00081382	0.00076218	-0.0003828	0.0068303	0.011329	0.020221
-0.26404	1.1941	-0.12058	-0.055466	0.0029265	0.019228	0.0053659	0.0045114	-0.0028773	0.0026112	0.0014587	-0.0011616	0.0069887	0.010286	0.029826	0.01525	-0.03349	-0.32117	-0.17509	-0.041304	-0.006884	0.012441	0.0034598	4.25e-05	-0.0087299	0.0035837	0.006677	0.013605	0.0071966	0.065314	0.017763	-0.00038122	0.0034607	0.002124	-0.0087839	0.015004	0.0091112	-0.0035527	0.04226	-0.019079	0.018986	-0.0013515	-0.00061147	0.00084327	-0.01133	0.015873	-0.0066308	0.00035619	0.012904	0.005678	0.021377	0.018771	0.012448	0.0056133	0.0028833	0.0035953	0.0096851	0.018935	-0.0010609	-0.0019956	-0.00038541	0.020599	0.0030907	0.0094077	-0.034566	-0.084412	-0.082795	0.020569	0.02237	0.013814	0.008657	0.0053632	-0.0052916	0.016663	0.0192	0.0030881	0.0080577	0.00044709	0.0080846	0.0093126	-0.039555	-0.12949	0.023509	0.024873	0.0016904	0.015507	0.017501	0.0020964	-0.0004192	0.0046002	0.0043684	0.033578	-0.0074428	0.00043555	0.00072787	0.0072213	0.008364	0.0051167	0.029811	0.013598	-0.00035142	-0.00031079	0.011773	-0.011384	0.0030308	0.0018387	0.015121	0.018198	0.033507	0.0087301
-0.037988	-0.12058	1.2214	-0.28391	-0.023465	0.01063	0.016645	-0.00070963	-0.0066323	0.0093115	0.0039448	0.0038538	-0.0053245	0.0091726	0.017606	0.029877	-0.033494	-0.089072	-0.024647	-0.0075699	0.043015	0.024121	-0.0065859	0.0059517	-0.0032943	-0.0014837	0.0051405	-0.0053275	-0.016636	0.03677	-0.0017932	0.016959	0.0042238	0.0064263	-0.017993	0.0046301	0.016562	0.010488	-0.0080986	-0.0014664	-0.0033201	-0.0036183	0.002185	0.0069826	-0.0027168	0.0086068	-0.0031191	0.0016221	0.017563	0.0036791	0.030407	0.005706	0.0047795	0.0074558	0.0092055	0.0029164	-0.00085582	0.0080696	-0.00026374	0.0027421	-0.00058759	-0.019565	0.01284	0.018328	-0.0096704	-0.0090444	0.0043805	0.0075326	0.0062207	0.0042368	0.0011959	-0.0083072	0.013433	0.0073076	0.0068052	0.0094562	0.019884	-0.0024824	0.035267	0.018009	-0.054789	-0.21175	-0.045294	0.0031282	-0.0069815	0.0028046	0.0056648	0.0022232	0.0064346	0.0064487	0.003791	0.018946	-0.010593	0.0071924	-0.0037615	0.0095072	0.0072812	-0.17712	-0.19754	-0.016551	0.004724	0.024152	0.0070318	-0.0059384	0.0041986	0.00031115	0.032062	0.00046356	-0.015682	0.0065056
0.01738	-0.055466	-0.28391	1.0514	-0.056731	-0.021968	-0.016671	0.018838	-0.0055153	0.027287	-0.013612	0.0059144	-0.0079434	0.031729	0.0073581	-0.085315	-0.12262	-0.22108	0.05242	-0.024523	0.0026786	0.039857	-0.021325	0.010033	-0.0041351	0.00054394	0.011812	0.012511	-0.015538	0.0055418	-0.020163	0.024302	0.0081906	0.0041196	-0.025847	-0.0006338	0.010173	-0.000475	0.011599	0.034673	0.014156	-0.0075306	0.011057	0.024852	-0.018095	0.024224	-0.0137	0.0068094	0.0305	0.045139	0.037732	-0.029621	0.0066374	0.002864	0.026269	0.019609	-0.0020081	0.020042	-0.00055096	0.012668	0.023949	-0.018931	-0.027042	0.019599	-0.10825	-0.071416	0.073142	-0.0035538	-0.014217	0.045594	0.026646	-0.04951	0.037313	-0.013345	-0.002684	0.037572	0.011617	0.0096923	-0.0023451	0.053024	0.026381	0.0045708	0.025995	-0.0027742	-0.004449	-0.029163	-0.0088251	0.01032	0.014713	0.014205	-0.013114	0.05423	-0.022634	-0.0049152	0.009397	-0.052673	0.057386	-0.050614	-0.13946	0.01264	0.020087	0.025193	0.0086984	0.016695	-0.010353	0.014265	-0.0082526	0.01585	-0.031443	-0.00029652
0.003606	0.0029265	-0.023465	-0.056731	0.76737	-0.096847	-0.018083	0.011812	0.0076867	-0.011092	-0.0023136	-0.005242	0.019519	-0.0025768	-0.039888	-0.0803	-0.023419	-0.022812	-0.0096052	-0.0046806	-0.018019	0.00057586	0.023279	0.0097811	-0.0043981	0.0026416	0.006574	0.026999	-0.0012465	-0.0031635	0.028593	-0.0083711	0.012518	0.0031508	-0.00097258	0.0091676	0.0058817	0.013444	0.014102	0.00048747	0.0056406	-0.0047171	-0.0030714	0.0069115	-0.0065797	0.02401	0.0070169	0.004423	0.012907	0.0022115	-0.011447	0.015973	0.0052437	0.0067686	0.011981	-0.0039289	0.015588	0.019235	0.00034272	0.0025129	0.0063719	0.020665	0.00025817	-0.012173	0.046363	0.032133	0.0036487	0.012864	0.0082631	0.006747	0.01103	0.019499	-0.01184	0.024917	0.018842	-0.0037937	0.0025315	0.0052508	-0.010752	0.014863	-0.00015535	0.0018627	0.029727	0.021244	-0.014131	0.011511	0.023364	0.010927	0.0050499	-0.00070735	0.019466	0.0070759	-0.0061224	0.011498	0.038304	0.026414	-0.014453	-0.0059551	-0.12608	0.011323	0.0063301	-0.016529	0.0055815	-0.01814	0.0078902	0.018154	0.032436	-0.048684	-0.09267	-0.06944
0.0055396	0.019228	0.01063	-0.021968	-0.096847	0.61501	-0.17422	-0.028083	0.010764	0.0052835	0.0070852	0.020554	0.0013203	-0.058131	-0.082231	-0.038865	-0.0061668	0.024549	0.0029853	0.0061051	0.027134	0.020474	0.017292	0.013495	0.0054299	0.00034549	0.015574	0.0027709	0.020776	0.011133	0.0057556	-0.0013445	-0.003457	0.0071352	-0.012722	0.0088841	0.022278	0.0094286	0.0084483	0.0041682	0.0033657	0.0092706	-0.0010592	0.0038968	-0.011679	0.019707	0.0051308	0.0042998	0.016076	-0.00036029	0.0083021	0.016319	-0.0017342	0.007977	0.0043763	0.017746	-0.0010436	0.019143	0.0018648	0.00067209	0.015428	0.0037464	0.0056411	0.011578	0.0010655	0.010539	0.010847	0.0012976	0.0057015	0.0032228	0.0084541	0.0042282	0.0048121	0.017532	0.016974	0.0029212	0.0064435	0.010966	0.0039816	-0.0015103	0.0077885	0.0022332	0.0064931	0.0098957	0.0051637	0.023748	0.011478	0.010284	0.0044013	0.0045951	0.001539	0.034901	-0.0071526	0.0072666	-0.016666	0.022464	0.01207	0.017975	-0.019516	0.012804	0.017889	0.032647	0.0048276	-0.015757	0.00080095	0.002155	-0.0076745	0.014862	-0.044208	-0.088917
0.0061703	0.0053659	0.016645	-0.016671	-0.018083	-0.17422	0.63602	-0.165	0.0011939	-0.0014844	-0.00014424	0.003423	-0.044286	-0.08745	-0.0088191	0.013102	0.012159	0.041869	0.0088836	0.012836	0.027147	0.037683	-0.012488	0.032595	-0.0066913	0.0041772	-0.013742	0.036188	0.009302	0.038867	0.0020044	0.0056098	-0.00078273	0.0074157	-0.014406	0.025516	0.028654	0.0083048	0.017223	0.00092777	0.0087874	-0.0015357	0.015024	0.014576	-0.022369	0.04354	0.00041701	0.0026461	0.02742	0.015113	0.012759	0.0040967	0.011353	0.0074271	0.032891	0.016054	0.0028253	0.035475	-0.0011767	0.0056823	0.0035717	0.018671	-0.0019343	0.0034862	0.0050061	0.0015808	0.033201	0.012252	0.0026345	0.020831	0.022942	-5.0611e-05	0.0069427	0.025557	0.019204	0.023033	0.010184	-0.0071039	0.0075755	0.01708	-0.0030048	0.0090268	0.013975	0.005671	0.014234	0.011207	0.026749	0.021774	0.009239	0.014662	-0.00223	0.050414	-0.014206	0.015933	0.01997	0.0099012	0.014211	0.013936	0.030175	0.01424	0.019029	0.024021	0.016685	-0.017761	-0.0038836	-0.022376	0.015826	0.01298	0.0087342	-0.077239
0.0036289	0.0045114	-0.00070963	0.018838	0.011812	-0.028083	-0.165	0.60122	-0.1256	-0.03623	0.005065	-0.039577	-0.081072	-0.04026	0.035998	0.01852	0.013105	0.014949	0.0080631	0.010082	0.014534	0.021952	0.015111	-0.022449	0.012745	0.0015861	-0.0091278	0.0062434	0.006271	0.019753	0.0077319	0.022867	0.00047133	0.0011535	-0.012913	0.012775	0.017783	0.00059261	0.00072192	0.0055005	0.0098489	0.0065082	0.0018998	0.0037572	-0.0031042	0.034686	0.0068175	0.0037587	0.013819	0.0079273	0.0032365	0.005079	-0.0021294	0.0086553	0.019049	0.014487	0.0050804	0.018918	-0.00076535	0.0034809	0.0047139	-0.0011901	0.0046502	0.006649	0.0051723	-0.0026534	0.016848	0.010759	0.0058352	0.0087569	0.0098587	-0.0009626	0.004307	0.020309	0.014939	0.014949	0.0035146	0.0075823	0.011449	-0.0031753	0.0055174	0.0059129	0.0071218	0.009419	0.0096605	0.0049865	0.018923	0.014972	0.0011454	0.0032636	0.0078401	0.025355	0.0025904	0.016123	0.0064494	0.0080419	0.0045191	0.00126	0.015962	0.0076284	0.017026	0.022068	0.01425	-0.014368	-0.047307	-0.022368	-0.018046	0.0024819	0.021917	-0.02724
-0.00027033	-0.0028773	-0.0066323	-0.0055153	0.0076867	0.010764	0.0011939	-0.1256	0.51559	-0.16005	-0.013664	-0.14183	-0.014678	0.024196	0.0086843	-0.0059435	-0.0041345	0.024395	0.0017211	0.0042122	-0.0041529	0.0056354	0.0090352	0.012698	-0.00048451	-0.00083402	0.0041594	0.0054666	-0.0023797	0.03233	-0.0044539	0.0019949	0.00073361	-0.011728	0.0065483	0.0056827	0.010169	-0.00025679	0.0055807	-0.0010953	-0.0014434	-0.0017295	0.0002122	0.006109	-0.013064	0.0075149	0.0023977	-0.00017921	0.0057164	0.0022119	0.0066071	0.006867	0.0035484	-7.8851e-05	0.0073307	0.0044388	-0.0014644	0.015563	-0.0084249	0.00088313	0.0050491	0.0015136	0.0025602	0.00093018	0.0010219	-0.0020307	0.01408	0.00099376	-0.00089258	0.0059307	0.0056926	-0.0016893	0.0061515	0.0090034	0.0038477	0.0045653	0.0035747	-0.0020286	-0.0022586	0.010162	0.0011411	0.0010692	0.0065745	-0.00013632	-0.00077432	0.0064173	0.013448	0.0049623	0.00054459	-0.0016855	-0.0013175	0.020938	-0.007531	-0.0015032	0.010067	0.0062205	0.00091219	0.001499	0.010471	0.0014274	-0.0012452	-4.8336e-05	0.0028902	-0.017332	-0.050751	-0.0048527	0.011189	-0.0042822	0.0091976	-0.00050823
-0.0020549	0.0026112	0.0093115	0.027287	-0.011092	0.0052835	-0.0014844	-0.03623	-0.16005	0.61912	-0.20603	-0.047294	-0.0020278	-0.0049228	-0.0018955	-0.0078876	0.0072365	-0.026415	-0.0045194	-0.0028913	-0.0018179	-0.018999	0.0097335	0.009475	-0.026584	-0.00086349	-0.011192	-0.007713	0.0048493	-0.039476	0.013643	-0.0055014	0.0096651	0.019109	-0.03846	-0.0063921	-0.0046158	0.0014353	-0.0051913	0.0019465	-0.0078982	0.0019231	0.0057087	-0.014143	0.0073569	-0.012099	-0.0099057	-0.0012918	-0.0096856	-0.0020954	-0.0065953	-0.007068	-4.5647e-05	-0.0036137	-0.0084711	-0.0049018	0.0031238	-0.034855	0.020761	0.00082166	-0.0081043	-0.00090685	-0.0024894	-0.0099382	0.0030504	0.0043341	-0.01595	0.00074135	-0.0054245	-0.0083158	-0.0028483	0.0058096	-0.017651	-0.006099	0.0072292	-0.01282	-0.0075893	0.0046993	0.0073161	-0.014777	-0.00025603	-0.0068759	-0.010738	-0.0085635	0.0033379	-0.0044585	-0.014871	-0.011001	0.00026888	0.0090952	-0.0032506	-0.037245	-0.0098924	-0.00080802	0.0019998	-0.0065422	-0.0037919	-0.0072481	-0.01997	0.0025617	0.0042856	-0.0029659	-0.015098	-0.087451	-0.018375	-0.0063705	-0.011182	0.0058238	-0.015965	0.00032514
-0.0027942	0.0014587	0.0039448	-0.013612	-0.0023136	0.0070852	-0.00014424	0.005065	-0.013664	-0.20603	0.62552	-0.12406	-0.030417	-0.01402	-0.020183	0.0016584	0.00071783	-0.016866	0.002204	-0.00083251	-0.0053364	0.0086672	-0.0085558	-0.041701	-0.075218	0.0082038	0.00055351	-0.010805	-0.0079022	-0.0010064	-0.0020161	-0.0068495	0.0089644	0.004647	-0.076662	0.00087963	-0.0085984	-0.0023248	0.0042871	-0.0015667	-0.0033171	-0.0014426	0.0015332	4.6966e-06	-0.0064334	-0.017601	0.00076225	-0.0045756	-0.011776	-0.014168	0.0025188	-0.006715	-0.016719	-0.0090829	-0.0071247	-0.0053851	0.0029792	0.027516	0.0026682	-0.024432	-0.0062295	-0.0022201	0.0064371	-0.008939	-0.0052364	-0.005056	-0.0046045	-0.011477	0.0041066	-6.4661e-05	-0.0038111	0.00079887	-0.0036254	-0.017567	-0.015676	-0.0021031	0.00036085	0.0041245	-0.0081366	-0.0073472	-0.0026319	0.00065561	-0.0061389	-0.0088797	0.00056308	-0.0064037	0.00081789	-0.0038137	-0.0020113	-0.0071042	0.0055687	-0.035619	0.0027446	-0.010299	0.014111	-0.0083594	-0.0084276	-0.0023618	0.0036925	-0.0062667	0.0016712	-0.010955	0.0058243	-0.076848	0.011391	-0.0071937	-0.00047521	-0.0039161	-0.0084062	-0.0045238
-0.0032614	-0.0011616	0.0038538	0.0059144	-0.005242	0.020554	0.003423	-0.039577	-0.14183	-0.047294	-0.12406	0.68984	-0.14553	-0.042577	0.0060256	0.010557	-0.0027064	0.0067889	-0.0027825	0.0012227	0.004142	0.011823	-0.028787	-0.088658	-0.036762	-0.016338	-0.0023616	0.030108	0.0052813	0.0053047	-0.0023516	0.0016978	0.0022072	0.0053969	-0.024763	0.0061965	0.0015243	0.0024643	-0.0026568	0.00086011	0.0043619	-0.00012541	-0.00035231	0.00081122	-0.0046734	-0.00050578	0.00046288	0.0025843	0.0065764	0.008294	-0.0026087	-0.0019985	0.011117	0.0010655	0.004105	-0.0018026	-0.0026568	0.0099307	-0.0067551	0.0045326	0.00037186	0.0049606	0.0034953	0.0071401	-0.0038141	0.00317	-0.0010788	-9.0698e-05	0.0017858	-0.00027823	0.0015389	0.0036145	0.0041007	-0.00066186	0.0033465	0.00055192	0.00091738	-0.0050179	0.0038313	0.00079816	-0.00069046	0.0021098	0.0017294	0.006723	-0.0036744	0.0072215	0.011255	0.0038773	-0.001825	-0.0095281	-0.00067649	0.016289	-0.007079	0.0016303	0.0060596	0.0022664	0.002525	0.0049273	0.0015793	-0.0058292	-0.0011219	-0.0038571	0.0031144	-0.014926	0.010646	-0.00019715	0.0027614	0.0029762	0.0075535	0.01101
0.0049998	0.0069887	-0.0053245	-0.0079434	0.019519	0.0013203	-0.044286	-0.081072	-0.014678	-0.0020278	-0.030417	-0.14553	0.61809	-0.16748	-0.022791	0.017761	0.0076919	0.0042084	0.0007591	0.0024946	0.0088739	0.0022752	-0.061877	-0.10557	-0.0060155	0.0049341	0.0026451	0.015939	0.0097313	-0.0073805	0.0011029	0.0053481	0.0092773	-0.0031798	0.0045936	-0.0055058	0.00094052	0.0022757	0.0034509	0.0076726	0.0037574	0.0018003	0.0039543	0.0026031	0.00062177	0.013645	-0.0036258	0.0013285	0.0059734	0.002973	0.005293	-0.00083802	0.0039113	0.0043203	0.0019063	-0.0010929	0.00090507	0.0011259	0.0016429	0.0049725	0.0050786	0.00048242	-0.0058911	-0.0017469	-0.0054686	-0.0022954	0.0011485	0.0048751	0.0057909	0.0063568	0.0050877	-0.0018574	0.0066929	-0.0043381	-0.00011401	0.006782	0.0078473	0.0063125	-0.0054313	0.0038984	0.0016154	-0.003667	0.0061532	-0.0031189	0.0047489	-0.006465	-0.007259	0.003673	0.0069455	0.0062644	0.0051534	0.0094943	-0.0054867	0.0051519	-0.006705	-0.00043863	3.9952e-05	0.0035198	0.0037553	0.0042173	-0.00041484	0.0052465	0.00017815	0.0086265	0.0020923	0.0051135	0.009323	0.0034689	0.0025682	0.0094347
0.0026684	0.010286	0.0091726	0.031729	-0.0025768	-0.058131	-0.08745	-0.04026	0.024196	-0.0049228	-0.01402	-0.042577	-0.16748	0.78275	-0.14971	-0.032428	0.0091172	0.065939	0.014691	0.012661	0.0031306	-0.055882	-0.10497	-0.029767	-0.0097802	0.013391	0.029713	0.053493	0.020602	0.048167	0.016007	0.022412	0.011211	0.0037216	-0.016966	0.020531	0.032074	0.001937	0.014047	0.0082158	0.01378	0.0097724	0.011584	0.014341	-0.029636	0.057372	0.011146	0.00089999	0.043615	0.01573	0.0022693	0.0069807	0.015519	0.0086889	0.042089	0.026355	-0.0015522	0.041509	0.0013078	0.0064215	0.0088693	0.010621	0.0062411	0.0089678	0.017045	0.0062948	0.037965	0.020202	0.0026183	0.020593	0.026216	0.0022764	-0.0036914	0.052337	0.025499	0.015183	0.016854	0.0087732	0.018796	-0.0064258	0.015156	0.0018128	0.016193	0.016988	-0.0026206	0.038612	0.03852	0.023993	0.012095	-0.0068093	0.010566	0.063958	-0.016034	0.0011336	0.0096929	0.016242	0.028364	0.0020107	0.023697	0.0013063	0.0053735	0.03446	0.019094	-0.025376	0.020331	0.024776	0.045046	0.010379	0.03849	0.039265
0.0043376	0.029826	0.017606	0.0073581	-0.039888	-0.082231	-0.0088191	0.035998	0.0086843	-0.0018955	-0.020183	0.0060256	-0.022791	-0.14971	0.7701	-0.20707	-0.036178	0.078092	0.037064	0.0040335	-0.039676	-0.15287	-0.033953	-0.0023252	-0.014151	0.01424	0.041112	0.055381	-0.0015138	0.083814	0.026518	0.045118	0.01618	0.0056378	-0.022437	0.018434	0.038184	0.0032157	0.018064	0.020187	0.01619	-0.0074528	0.0027696	0.0064665	-0.02758	0.068105	0.009121	0.00052057	0.049507	0.0039708	0.015836	0.010313	0.010594	0.014089	0.049039	0.014543	0.013169	0.05245	-0.0079836	0.0017519	0.012323	0.01161	-0.00081645	-0.0024559	-0.010159	0.0051268	0.047242	0.016651	0.014926	0.032838	0.036366	-0.00073609	0.0061254	0.050322	0.034872	0.015639	0.0081491	0.023567	-0.0034156	0.019079	-0.011728	0.0059786	0.030151	0.043211	-0.0012559	0.013217	0.043992	0.022297	0.007571	0.0043432	0.034481	0.068961	-0.024511	0.014805	0.0035141	-0.011628	-0.0078042	0.0089728	0.032652	0.014834	0.003275	0.058833	0.027367	-0.031494	0.0058671	0.024205	0.023523	0.043633	0.061667	-0.014638
0.011472	0.01525	0.029877	-0.085315	-0.0803	-0.038865	0.013102	0.01852	-0.0059435	-0.0078876	0.0016584	0.010557	0.017761	-0.032428	-0.20707	0.83399	-0.10554	-0.076573	0.015993	-0.032138	-0.20991	-0.096641	-0.015535	0.005144	-0.0058292	0.0055688	0.0052817	0.05038	0.012088	0.060852	0.0027446	0.00213	0.012233	0.0037119	-0.0072755	7.2995e-05	-0.0041377	-0.0066896	0.0047961	0.021115	0.0032103	0.005486	0.0032842	0.0012909	-0.00074419	0.011309	0.0032056	-0.0054262	-0.0057357	0.015592	8.8105e-05	0.0035649	0.011359	-0.0006555	0.014999	0.01177	-0.0027324	0.0041714	0.0049406	0.0063909	-0.0042986	-0.0042481	0.00015765	-0.0042772	0.0062896	0.0033166	0.0011422	0.010341	0.011058	0.0084319	0.011407	0.0046089	0.0067433	0.010967	0.0063368	0.0039238	0.0054158	-0.018316	0.0092667	-0.018602	0.0056747	0.029358	-0.013547	-0.017783	0.024527	0.0010939	0.0068918	0.0068989	0.0022783	0.0045113	-0.0073787	0.0014899	0.0049883	0.0057793	0.018381	0.012218	0.031425	0.022199	0.0036528	-0.0081419	0.0052078	-0.017734	-0.0014754	-0.0024351	0.00046321	0.010235	0.025813	-0.0082013	-0.018902	0.0062378
0.01273	-0.03349	-0.033494	-0.12262	-0.023419	-0.0061668	0.012159	0.013105	-0.0041345	0.0072365	0.00071783	-0.0027064	0.0076919	0.0091172	-0.036178	-0.10554	0.64296	-0.10481	-0.043743	-0.045822	-0.078009	-0.030198	-0.00044978	0.0036715	-0.0020855	0.0050438	0.0095161	0.019615	-0.0023741	0.051955	-0.0069677	0.0052785	0.0034774	-0.0020885	-0.0072226	0.00041937	0.0049764	-0.0010865	-0.0029502	0.014546	-0.0074505	0.0018561	0.0028578	0.012071	-0.0081125	0.011347	-0.0054009	0.0080569	0.016155	0.0090069	0.013134	0.017634	0.010836	0.0018485	0.0037491	0.0014881	-0.010986	0.013253	0.0031446	0.0024772	-0.0040794	-0.0018457	0.015563	0.024331	0.0013601	-0.0099368	0.0080079	-0.0089494	-0.0064405	0.0014544	-0.0025775	9.2647e-05	0.012074	0.0090974	0.0076057	0.0062443	0.014651	-0.00082431	0.0091425	0.025515	0.012602	0.00095138	0.016575	0.0057532	-0.0087565	0.0052904	0.01276	-0.0022152	-0.0034119	-0.0026585	0.0015921	0.045571	-0.0083223	-0.0066766	-0.0062412	0.017483	0.010052	0.015362	-0.0058361	0.0075443	-0.0099378	0.009988	0.0023633	-0.0061426	-0.0031385	0.004342	0.010951	0.0084611	0.013607	-0.0030297
-0.078844	-0.32117	-0.089072	-0.22108	-0.022812	0.024549	0.041869	0.014949	0.024395	-0.026415	-0.016866	0.0067889	0.0042084	0.065939	0.078092	-0.076573	-0.10481	1.2741	-0.15423	-0.067117	-0.06892	0.022286	0.037671	-0.00039161	-0.010044	0.0097511	0.019187	0.099276	0.034162	-0.02833	0.063646	0.02934	0.0079867	0.0042695	-0.02959	0.02779	0.036659	0.013335	0.059154	0.017547	0.028129	0.0075423	0.01934	0.014163	-0.038323	0.10417	0.029956	0.0024161	0.068477	0.032815	0.018287	-0.016199	0.0036789	0.016231	0.073614	0.034735	0.015764	0.07765	-0.008388	0.010168	0.024333	0.023129	0.0022838	0.0050098	0.032681	-0.023798	0.091115	0.056425	0.014756	0.027905	0.056898	-0.0052975	0.0013453	0.083882	0.042984	0.024364	0.010967	0.022226	-0.012193	0.00583	0.017642	-0.022583	0.048346	0.057121	0.017127	0.02946	0.051078	0.046566	0.022972	0.011149	0.036414	0.047581	-0.0045317	0.03073	0.01569	0.010605	0.027938	0.032717	0.0068074	0.022536	0.011577	0.057707	0.029608	-0.056773	0.0073453	0.015324	0.031533	0.042755	0.068362	0.052981
-0.045392	-0.17509	-0.024647	0.05242	-0.0096052	0.0029853	0.0088836	0.0080631	0.0017211	-0.0045194	0.002204	-0.0027825	0.0007591	0.014691	0.037064	0.015993	-0.043743	-0.15423	1.0089	-0.048798	-0.093432	0.0094921	0.028234	0.0059142	-0.0012817	0.00064789	0.012616	0.016665	-0.015466	-0.080691	-0.019598	0.03486	-0.0043401	0.0032591	-0.013374	0.017986	0.033969	0.025743	-0.053932	-0.19626	0.0010415	0.013017	0.00034966	0.0051952	-0.02266	0.022405	-0.0034429	0.0046617	0.014423	-0.070062	0.010375	0.036198	0.0062984	0.0086651	0.0071835	0.0029178	0.0074914	0.015917	0.0059388	-0.0046442	-0.014501	0.012757	0.025207	0.01246	-0.023903	-0.099484	0.011038	0.013089	0.0022349	-0.013647	-0.0013492	0.023634	8.3521e-05	0.023431	0.011285	-0.00017097	0.015487	0.0035939	0.0093394	0.011147	0.011921	-0.027701	0.029195	0.019458	-0.001745	0.011233	0.035259	0.0053265	-0.0046677	-0.010167	-0.0019519	0.058332	-0.011634	-0.014295	-0.0065786	0.031425	-0.0010245	0.023409	0.0092097	0.0076655	-0.009674	0.012936	0.0090808	-0.010864	0.0003563	0.0053258	0.022787	0.009561	0.029494	0.0030093
-0.0061248	-0.041304	-0.0075699	-0.024523	-0.0046806	0.0061051	0.012836	0.010082	0.0042122	-0.0028913	-0.00083251	0.0012227	0.0024946	0.012661	0.0040335	-0.032138	-0.045822	-0.067117	-0.048798	0.45232	-0.046035	-0.0092131	0.0063029	0.0045859	-0.0023453	0.0041089	0.0093637	0.020101	-0.0029578	-0.010377	-0.00082009	0.0088999	0.004786	-0.00086839	-0.010095	0.0094651	0.014076	0.0046968	0.0017558	-0.011589	0.0010369	0.0046571	0.0041989	0.0069151	-0.010363	0.023061	0.0029824	0.0022644	0.01703	0.0044678	0.0064031	0.0067964	0.0072605	0.0053886	0.011894	0.006758	0.0053659	0.01903	0.0024054	0.00072553	0.0031555	0.0062576	0.00978	0.0077848	0.004943	-0.0071878	0.013728	0.0083081	0.0041423	0.008798	0.0070221	0.0027251	0.0028258	0.019392	0.011526	0.0093868	0.0066716	0.0045318	0.0016655	0.0064219	0.0042142	-0.0018075	0.011958	0.012425	0.00084998	0.0091659	0.017102	0.0091991	0.0043841	0.00027565	0.0070791	0.028801	-0.0069304	0.0027246	0.005473	0.0080128	0.0092337	0.010711	0.0050396	0.0054901	0.0011496	0.014577	0.0038902	-0.010898	-0.0013736	0.005391	0.011625	0.0088039	0.019489	0.008361
0.017892	-0.006884	0.043015	0.0026786	-0.018019	0.027134	0.027147	0.014534	-0.0041529	-0.0018179	-0.0053364	0.004142	0.0088739	0.0031306	-0.039676	-0.20991	-0.078009	-0.06892	-0.093432	-0.046035	0.90122	-0.15979	-0.014258	0.0026418	-0.0062023	0.0094375	0.014233	0.0068294	-0.05523	-0.13622	-0.034901	-0.0018257	0.015403	-0.010825	-0.005097	0.015465	0.021182	-0.0095175	0.0084014	-0.035483	-0.0084913	0.014178	0.009333	0.011328	-0.0026505	0.019288	-0.0071395	-0.010603	-0.0070906	0.029295	0.021094	0.0326	-0.00020432	0.0038561	0.0055635	0.0035151	-0.0096045	0.010609	0.0057858	-0.00060611	-0.0069714	0.017899	0.0071875	-0.0049618	0.030472	0.0099035	0.0099583	0.01672	0.0070594	0.016113	0.008767	0.012705	0.0043488	0.014404	0.0081993	0.012339	-0.019454	-0.020559	0.015797	-0.033017	0.0048004	0.024126	0.0067029	-0.023947	0.020664	0.011943	0.027284	0.0034962	-0.0018127	0.0032457	-0.00862	0.04649	-0.018584	-0.003844	0.0030868	0.035003	-0.00097312	0.016946	0.0056675	-0.0025062	0.024258	-0.011975	0.0034702	-0.0064855	-0.0040526	-0.0090153	0.04606	-0.024511	-0.0073417	0.034625
-0.0027037	0.012441	0.024121	0.039857	0.00057586	0.020474	0.037683	0.021952	0.0056354	-0.018999	0.0086672	0.011823	0.0022752	-0.055882	-0.15287	-0.096641	-0.030198	0.022286	0.0094921	-0.0092131	-0.15979	0.83319	-0.1759	-0.016741	-0.0012872	0.010883	0.0051462	-0.062706	-0.10066	-0.098502	0.024231	0.028763	0.015889	0.010716	-0.019829	0.0075576	0.018408	0.013009	0.0039158	0.015815	0.0009909	-0.0032415	0.0063078	0.001801	-0.0074205	0.024773	-0.0023812	0.010303	0.012343	-0.0016753	-0.017039	-0.0032244	0.0026585	0.0047297	0.0055895	0.010714	0.0054582	0.01927	0.0021484	0.002491	0.010489	0.0050413	0.014663	0.0095929	0.020374	0.021649	-0.0020336	0.0024107	0.0047489	-0.0020068	0.008002	0.0095667	-0.0057908	0.01927	0.0077288	0.002115	0.0094366	0.015326	-0.0046821	0.014307	-0.0080947	-0.013306	0.0071773	0.016045	-0.0051637	0.012881	0.0084442	0.012496	0.0066771	0.0023571	0.0087969	0.018317	0.0040737	0.00091068	0.0021623	0.0060213	-0.006216	0.0016504	0.011797	0.0068213	-0.0075335	0.016916	0.0048913	-0.011228	0.0048573	0.0075296	-0.0064383	0.018884	0.031843	0.015571
0.0021146	0.0034598	-0.0065859	-0.021325	0.023279	0.017292	-0.012488	0.015111	0.0090352	0.0097335	-0.0085558	-0.028787	-0.061877	-0.10497	-0.033953	-0.015535	-0.00044978	0.037671	0.028234	0.0063029	-0.014258	-0.1759	0.65764	-0.10265	-0.0062602	-0.0091067	-0.054931	-0.048488	-0.042877	0.028669	0.0046753	0.015188	0.0069843	0.023658	-0.016741	0.0096413	0.014862	0.0017484	0.011701	0.0089154	0.00065814	0.0027193	0.0028444	0.0035936	-0.0039284	0.014435	0.00026462	0.0052119	0.011627	0.0045553	0.0072137	0.0017798	0.0056659	0.0079071	0.0086996	0.0082057	-0.0023605	0.015014	0.00055189	0.0062988	0.0039645	0.0090406	0.0046653	0.0095446	-0.02389	-0.008404	0.0067822	0.010842	-0.0041911	0.0075315	0.0092656	-0.0044655	0.0063774	0.004356	0.011181	0.0085141	0.0098652	-0.001897	0.00091656	0.016957	0.012408	0.0099719	0.0034276	-0.0035037	0.00042117	0.00074932	0.010763	0.0061824	0.0095094	0.0095326	-0.0080958	0.027362	-0.0002182	0.0032371	-0.0049823	0.003221	0.014747	0.0027423	0.020824	0.0011118	0.0027247	0.0029311	0.0067358	-0.0072554	0.0052105	0.0071704	0.014514	-0.0050929	0.011879	0.032633
-0.00083122	4.25e-05	0.0059517	0.010033	0.0097811	0.013495	0.032595	-0.022449	0.012698	0.009475	-0.041701	-0.088658	-0.10557	-0.029767	-0.0023252	0.005144	0.0036715	-0.00039161	0.0059142	0.0045859	0.0026418	-0.016741	-0.10265	0.56575	-0.023876	-0.086389	-0.05377	-0.039827	-0.0056464	0.017305	0.0052828	0.0045383	-0.0029484	0.0046213	-0.0038056	0.0032351	0.0048942	0.0010076	0.0046859	0.0084567	0.0032662	0.0024884	0.00027577	0.0060467	0.0039152	0.011013	0.00081535	-0.002537	0.0022508	-0.00037966	0.0064291	-0.0015662	-0.0031353	0.004233	0.013822	0.0027686	0.0066861	0.013222	-0.0026323	0.0027742	0.001462	7.7659e-05	0.00056853	-0.0045356	-0.0051002	-0.000706	0.0094046	-0.00042507	0.0079262	0.0060277	0.0073706	-0.0010999	-0.0011618	0.0041401	-0.00031214	0.0097688	-0.0040924	0.0045286	0.004256	-0.0020603	-0.0027201	0.00082274	0.0034967	0.0030076	0.0030984	-0.00097094	0.0062194	0.0076176	0.0032735	0.0025521	0.011475	-0.0007729	-0.00073063	0.0046888	0.0016038	-0.00038874	0.0013781	0.0035929	-0.0015882	0.0075025	-0.0053248	0.0059014	0.0051875	-0.0018367	0.0014609	0.0033098	0.0054005	-0.0035855	0.007999	0.0020987
-0.0027559	-0.0087299	-0.0032943	-0.0041351	-0.0043981	0.0054299	-0.0066913	0.012745	-0.00048451	-0.026584	-0.075218	-0.036762	-0.0060155	-0.0097802	-0.014151	-0.0058292	-0.0020855	-0.010044	-0.0012817	-0.0023453	-0.0062023	-0.0012872	-0.0062602	-0.023876	0.54102	-0.14268	-0.020525	-0.010136	0.0082182	-0.017121	0.0010464	0.0025674	-0.017093	-0.0376	-0.12865	-0.0054622	-0.010452	-0.0018426	-0.0029336	-0.0064223	-0.0049623	-0.0058824	-0.0029844	-0.0093594	-0.0095556	-0.029186	0.0024551	0.00034189	-0.016021	-0.003712	-0.0028413	-0.0055723	0.0005909	-0.0027088	-0.0094003	0.00023943	-0.0052958	-0.021736	-0.00073682	0.0063419	7.1199e-05	-0.0020442	-0.0078389	-0.003497	-0.00052295	-0.0025025	-0.014595	-0.0049208	-0.0090693	-0.0081642	-0.0079355	-0.0037873	0.0042259	-0.017642	-0.0084721	-0.0066677	-0.0047384	-0.0058116	0.0058702	-0.0032495	-0.0019369	-0.0027785	-0.01063	-0.0043925	-0.0022424	-0.005943	-0.015246	-0.0050421	0.0006132	-0.008518	-0.0082041	-0.018737	-0.0080583	-0.0055737	-0.00051641	-0.0082005	-0.0052603	-0.0028024	-0.010762	-0.0011319	0.0029472	-0.010935	-0.0026929	-0.026763	0.0066934	-0.0055172	-0.0063498	-0.0081337	-0.010488	-0.0041418
0.0011274	0.0035837	-0.0014837	0.00054394	0.0026416	0.00034549	0.0041772	0.0015861	-0.00083402	-0.00086349	0.0082038	-0.016338	0.0049341	0.013391	0.01424	0.0055688	0.0050438	0.0097511	0.00064789	0.0041089	0.0094375	0.010883	-0.0091067	-0.086389	-0.14268	0.40986	-0.058079	0.0017712	-0.0014719	0.0070499	-1.2694e-05	-0.0071471	-0.0050439	-0.12178	0.020009	0.012573	0.0042891	0.0017038	0.0029328	0.0041011	0.006065	0.0046886	0.0062357	0.0090407	-0.0018772	0.0099457	-0.0013947	0.00043562	0.0094571	0.0030411	0.00060173	0.0019552	0.0018089	0.0037392	0.0067722	0.0059132	0.0031586	0.010559	-0.0006853	0.00080881	0.0019612	0.0031246	0.0035373	0.0023832	0.00064955	-0.0024121	0.0093779	0.0014038	0.0034019	0.0046262	0.0039584	0.0011694	0.0014139	0.012191	0.0087312	0.00073748	0.0047241	0.00048649	-0.0014749	0.00086742	0.0040988	0.0036503	0.0055957	0.0035726	0.0059063	0.0058257	0.0094928	0.004176	0.0019559	0.0016753	0.0050409	0.0053469	-0.0012429	0.0042741	0.0066357	0.0026707	0.0029773	0.0044414	0.0089761	-0.00035156	0.0025653	0.0041068	0.0029001	-0.0023453	-0.0011309	0.0044391	0.0046188	0.0041562	0.0072532	0.0024461
0.0028719	0.006677	0.0051405	0.011812	0.006574	0.015574	-0.013742	-0.0091278	0.0041594	-0.011192	0.00055351	-0.0023616	0.0026451	0.029713	0.041112	0.0052817	0.0095161	0.019187	0.012616	0.0093637	0.014233	0.0051462	-0.054931	-0.05377	-0.020525	-0.058079	0.43226	-0.092603	-0.02363	0.034784	0.0089638	-0.03502	-0.0769	-0.035054	-0.0095606	0.024912	0.020904	0.0072493	0.01378	0.0052517	0.0048529	0.0052268	0.010875	0.0083235	-0.010143	0.032844	0.0046573	0.00010482	0.020552	0.0055475	0.0057454	0.0072466	0.0038604	0.0078253	0.021555	0.015983	0.00099538	0.022494	0.0015452	0.0011841	0.0086986	0.0047117	0.0018874	0.0026776	0.0020644	0.002801	0.017013	0.01024	0.00067057	0.013711	0.013778	0.0010852	0.004972	0.019983	0.014712	0.0093214	0.0041759	0.0041056	0.004747	0.0055291	0.0038172	0.0037189	0.009786	0.01312	-0.00041823	0.01013	0.019012	0.013482	0.0068428	0.0082221	-0.0034306	0.032805	-0.0073807	0.008447	0.0057833	0.0048477	0.014567	-0.0020861	0.0061119	0.0055223	0.0044697	0.014996	0.0082583	-0.0098548	0.0080898	0.0071584	0.018603	0.0068974	0.018278	0.015846
0.013352	0.013605	-0.0053275	0.012511	0.026999	0.0027709	0.036188	0.0062434	0.0054666	-0.007713	-0.010805	0.030108	0.015939	0.053493	0.055381	0.05038	0.019615	0.099276	0.016665	0.020101	0.0068294	-0.062706	-0.048488	-0.039827	-0.010136	0.0017712	-0.092603	0.55408	-0.1096	0.04941	0.00073036	-0.047083	-0.037096	0.0073527	-0.044088	0.043814	0.069973	0.018348	0.033443	0.021025	0.014838	0.0068836	0.013438	0.026075	-0.043065	0.10496	0.0055839	0.0057111	0.065836	0.022891	0.019845	0.020323	0.018794	0.01873	0.062377	0.037219	0.00089877	0.070411	-0.0017942	0.0092809	0.015106	0.020585	0.009396	0.0079131	0.012086	0.0061483	0.066333	0.031293	0.01448	0.04039	0.049673	-0.00043288	0.0094563	0.075113	0.042247	0.02295	0.0191	0.01013	0.0070469	0.011179	0.0070074	0.0054162	0.036643	0.035216	0.009756	0.034491	0.058924	0.034569	0.014985	0.0063985	0.026945	0.12919	-0.040106	0.0075362	-0.0064892	0.019931	0.030093	0.0052264	0.032176	0.010286	0.0073076	0.067396	0.036878	-0.046963	0.011937	0.025142	0.035488	0.035866	0.073073	0.024323
0.017519	0.0071966	-0.016636	-0.015538	-0.0012465	0.020776	0.009302	0.006271	-0.0023797	0.0048493	-0.0079022	0.0052813	0.0097313	0.020602	-0.0015138	0.012088	-0.0023741	0.034162	-0.015466	-0.0029578	-0.05523	-0.10066	-0.042877	-0.0056464	0.0082182	-0.0014719	-0.02363	-0.1096	0.62626	-0.11927	-0.068666	-0.075106	-0.0060203	-0.0024822	0.0036238	0.0079775	0.0042762	0.0095805	0.0075584	-0.014593	0.002292	0.0056426	0.0035412	0.013166	-0.010453	0.0093887	-0.003601	-0.00041634	0.01014	0.0048116	0.018954	0.01964	0.011308	0.002462	0.0092077	-0.0059021	0.0076115	0.012093	0.0032874	-0.0024107	-0.0038186	0.0093622	0.00062287	-0.00027849	0.0052746	-0.0040848	0.01468	0.003985	0.0097886	0.010738	0.0018746	0.0029196	0.0047668	0.0088372	0.0093342	0.0096119	0.006268	0.0043843	-0.0061116	0.013909	-0.0039978	-0.000689	0.018936	0.015923	-0.0057205	-0.0045794	0.018704	0.0029585	-0.0021427	0.0045006	0.0055843	0.038417	-0.014585	0.00057832	0.019996	0.00059321	-0.007361	0.0048719	0.017211	0.0098756	-0.020433	-0.0054067	0.0091181	-0.00088264	7.575e-05	0.0077778	0.02827	0.017914	0.021465	-0.035581
0.013759	0.065314	0.03677	0.0055418	-0.0031635	0.011133	0.038867	0.019753	0.03233	-0.039476	-0.0010064	0.0053047	-0.0073805	0.048167	0.083814	0.060852	0.051955	-0.02833	-0.080691	-0.010377	-0.13622	-0.098502	0.028669	0.017305	-0.017121	0.0070499	0.034784	0.04941	-0.11927	0.88927	-0.19398	-0.06329	0.028991	0.0085284	-0.025125	0.0056635	0.039679	0.00054236	-0.051566	-0.08106	0.068461	0.019716	0.037977	-0.00094637	-0.009138	0.095231	0.067515	0.014435	0.075069	0.038272	0.0011297	-0.092644	-0.027236	0.01406	0.091777	0.046115	0.047751	0.07034	-0.01693	0.033998	0.040699	0.0036576	-0.013101	0.0048508	0.01891	-0.011198	0.08482	0.016976	0.0029954	0.032223	0.053387	-0.010211	-0.009635	0.065335	0.042651	0.031703	0.015177	0.047757	-0.013689	0.0037689	0.028267	0.031668	0.02727	0.034284	0.023815	0.038691	0.0053662	0.062071	0.039626	0.017321	0.060054	-0.064498	0.014441	0.063312	0.046603	-0.053496	0.031951	-0.007393	0.013033	0.016403	0.045066	0.079764	0.028275	-0.058528	0.012067	0.016809	-0.0078372	0.025218	0.025908	0.062828
0.021842	0.017763	-0.0017932	-0.020163	0.028593	0.0057556	0.0020044	0.0077319	-0.0044539	0.013643	-0.0020161	-0.0023516	0.0011029	0.016007	0.026518	0.0027446	-0.0069677	0.063646	-0.019598	-0.00082009	-0.034901	0.024231	0.0046753	0.0052828	0.0010464	-1.2694e-05	0.0089638	0.00073036	-0.068666	-0.19398	0.75098	-0.13989	0.0050842	0.0028487	0.0020444	-0.00075229	-0.032432	-0.10631	-0.11139	-0.073748	2.0974e-05	0.0082503	0.0068508	-0.001981	-0.019567	0.018781	-0.0045717	0.01411	0.023426	0.012099	0.038294	0.034262	0.022063	0.0057748	0.00056585	-0.0079936	-0.030843	0.013907	0.0046111	-0.0042069	0.0067346	0.0015113	-0.017304	0.018493	0.010505	0.0017633	0.018067	0.0067652	0.00049286	0.011707	0.020354	0.0028379	0.0029007	0.0088712	0.014531	0.014878	0.0041268	-0.010163	0.027487	-0.0039111	0.00068082	0.018949	-0.00062993	-0.007544	0.0052086	0.00040504	0.028851	0.005467	-0.0029603	0.0027283	-0.016056	0.060544	-0.011042	-0.01019	-0.0060616	0.020067	0.033557	-0.0021833	-0.02646	0.0001628	-0.001102	0.017899	0.00056689	0.0018258	0.0019938	0.01368	0.010611	0.011487	0.012356	0.0030467
-0.0028022	-0.00038122	0.016959	0.024302	-0.0083711	-0.0013445	0.0056098	0.022867	0.0019949	-0.0055014	-0.0068495	0.0016978	0.0053481	0.022412	0.045118	0.00213	0.0052785	0.02934	0.03486	0.0088999	-0.0018257	0.028763	0.015188	0.0045383	0.0025674	-0.0071471	-0.03502	-0.047083	-0.075106	-0.06329	-0.13989	0.63832	-0.10668	-0.0078994	0.0098442	-0.0061856	-0.073627	-0.050738	-0.00014671	0.028788	0.018518	0.0039358	0.00028069	0.006158	-0.012994	0.035461	-0.0011413	6.0453e-05	0.017211	0.024869	0.012736	0.025323	0.021313	0.013893	0.028864	-0.0020484	0.0032985	0.033857	-0.00029316	-0.00096099	-0.0054084	0.005506	0.0032305	0.008279	0.00083422	0.0056843	0.020489	0.013457	0.00021859	0.020089	0.017337	-0.0010386	-0.00068121	0.027651	0.024125	0.012586	0.0057302	0.0015264	0.010565	0.011954	0.0040339	0.0019029	0.010736	0.0067496	0.0054464	0.015647	0.036829	0.011319	0.0065652	-0.0023482	0.0095021	0.039377	-0.0097701	-0.00088037	0.012596	0.028802	0.0083819	0.02388	0.046865	-0.0017886	0.022812	0.0017437	0.015791	-0.006065	0.004803	0.013179	0.031002	-0.031152	-0.0034819	0.0091944
0.0046269	0.0034607	0.0042238	0.0081906	0.012518	-0.003457	-0.00078273	0.00047133	0.00073361	0.0096651	0.0089644	0.0022072	0.0092773	0.011211	0.01618	0.012233	0.0034774	0.0079867	-0.0043401	0.004786	0.015403	0.015889	0.0069843	-0.0029484	-0.017093	-0.0050439	-0.0769	-0.037096	-0.0060203	0.028991	0.0050842	-0.10668	0.34049	-0.054361	-0.029364	-0.02693	-0.042397	0.0019198	0.01717	0.0065196	0.0063976	0.0074711	0.01095	0.018384	-0.0053633	0.017362	0.011101	0.00487	0.0098748	0.0017932	-0.0027009	0.0028603	0.00025776	0.0063442	0.011922	0.012907	0.0036634	0.012146	0.0021605	0.0037851	0.0039427	0.0089486	0.006278	2.0787e-05	0.001842	0.0054244	0.0059075	0.0018872	0.0059798	0.0026859	0.0045702	0.0017167	0.0020104	0.019445	0.0067192	0.0042284	0.0064664	0.0034273	0.0024427	0.003333	0.0048586	0.0023452	0.0057747	0.0056204	0.0072795	0.0088063	0.0061945	0.0059165	0.0036557	0.00042115	0.0017794	0.015036	0.0035901	0.00971	0.0049356	0.0075585	0.0063666	0.0016841	0.002005	0.00289	0.0038013	0.019687	0.0044125	-0.0010854	-0.012446	-0.011316	0.0011022	0.015415	0.017858	0.0043046
0.0018847	0.002124	0.0064263	0.0041196	0.0031508	0.0071352	0.0074157	0.0011535	-0.011728	0.019109	0.004647	0.0053969	-0.0031798	0.0037216	0.0056378	0.0037119	-0.0020885	0.0042695	0.0032591	-0.00086839	-0.010825	0.010716	0.023658	0.0046213	-0.0376	-0.12178	-0.035054	0.0073527	-0.0024822	0.0085284	0.0028487	-0.0078994	-0.054361	0.47128	-0.19793	-0.042196	-0.0014947	0.0040688	0.00035988	-0.0011248	-0.002371	-0.0036673	-0.0028201	-0.0098462	0.0078483	0.013149	-0.0019175	0.0031439	0.0062945	0.0018897	0.0019628	0.004882	0.0037912	1.6098e-05	0.0031318	-0.00044437	0.00055737	0.0058482	0.0024236	-0.0014567	-0.0013274	0.0039757	0.0055603	0.0021243	0.0069925	0.0088342	0.0062845	0.0046829	0.00094875	0.0057601	0.0045977	0.0039709	-0.00089806	0.016083	-0.0047604	0.0059164	0.0020634	0.00060949	0.00057407	6.0559e-05	-0.0024892	-0.0015643	0.0049946	0.0034901	0.0004042	0.0035393	0.010859	-0.00069613	-0.0064302	0.0035205	-0.00024337	0.013763	0.012655	0.0035093	0.0066492	0.002675	0.0053997	0.000756	0.0045799	0.0035421	0.0017369	0.0024746	0.0022508	0.014221	-0.027186	-0.014547	0.0062895	0.0057138	0.0084086	-0.0038927
-0.0035264	-0.0087839	-0.017993	-0.025847	-0.00097258	-0.012722	-0.014406	-0.012913	0.0065483	-0.03846	-0.076662	-0.024763	0.0045936	-0.016966	-0.022437	-0.0072755	-0.0072226	-0.02959	-0.013374	-0.010095	-0.005097	-0.019829	-0.016741	-0.0038056	-0.12865	0.020009	-0.0095606	-0.044088	0.0036238	-0.025125	0.0020444	0.0098442	-0.029364	-0.19793	0.61968	-0.064023	-0.02675	-0.0013308	-0.017399	-0.0082386	-0.013978	-0.0033984	-0.014675	-0.027968	-0.035865	-0.060819	-0.0044454	-0.00041679	-0.027179	-0.012843	-0.013416	0.0013125	-0.0049922	-0.0041605	-0.032833	-0.017133	-0.0042426	-0.043572	-6.6129e-05	0.004598	0.0029558	-0.01009	-0.0066882	0.0014328	-0.0042902	-0.0055946	-0.030005	-0.015557	-0.0040349	-0.024247	-0.027943	-0.002808	-0.00058313	-0.04104	-0.019281	-0.013932	-0.0070466	-0.0067095	-0.0067432	0.0013987	-0.0063447	-0.0041694	-0.021092	-0.020411	-0.0048653	-0.012636	-0.037419	-0.017731	-0.003039	-0.0022859	-0.00892	-0.03325	-0.025721	-0.0055748	-0.0212	-0.0027225	-0.022662	-0.0057913	-0.013121	-0.0067237	-0.0018257	-0.012857	-0.019288	-0.027819	0.010403	-0.006638	-0.024273	-0.0067505	-0.028221	-0.0019757
0.0047426	0.015004	0.0046301	-0.0006338	0.0091676	0.0088841	0.025516	0.012775	0.0056827	-0.0063921	0.00087963	0.0061965	-0.0055058	0.020531	0.018434	7.2995e-05	0.00041937	0.02779	0.017986	0.0094651	0.015465	0.0075576	0.0096413	0.0032351	-0.0054622	0.012573	0.024912	0.043814	0.0079775	0.0056635	-0.00075229	-0.0061856	-0.02693	-0.042196	-0.064023	0.47934	-0.068865	-0.011438	0.018104	0.019208	0.02165	-0.0077662	-0.080102	-0.14349	-0.024885	0.034369	-0.0228	0.0044078	0.036056	0.020076	0.010559	-0.0023216	0.025276	-0.00027517	0.028728	0.013086	0.0018994	0.028202	-0.0010229	0.0088616	0.0068036	0.0049612	0.0020734	0.0049245	-0.001769	0.00031632	0.030772	0.011309	0.0084559	0.020788	0.024105	0.00052283	0.0051525	0.030425	0.01867	0.0076443	0.008536	0.0079964	0.0028406	0.0008543	0.010482	0.0041361	0.010779	0.0087929	0.0087497	0.014536	0.02138	0.020268	0.0061498	0.0053567	0.016459	0.034976	0.0026771	0.0059249	0.015904	-0.0037743	0.018315	0.0064351	0.019575	0.0085883	-0.00031621	0.021785	0.0023497	-0.0088562	-0.0079718	0.0088114	0.0049417	0.01915	0.027417	0.012786
