#Insight Transform File V1.0
#Transform 0
Transform: AffineTransform_float_3_3
Parameters: 0.999855 -0.0158339 -0.00622998 0.0159754 0.999599 0.0233627 0.00585756 -0.0234588 0.999708 -3.5743 1.2332 -6.76354
FixedParameters: 0 0 0

#Transform 1
Transform: AffineTransform_float_3_3
Parameters: 0.999855 -0.0158339 -0.00622998 0.0159754 0.999599 0.0233627 0.00585756 -0.0234588 0.999708 -3.5743 1.2332 -6.76354
FixedParameters: 0 0 0

#Transform 2
Transform: AffineTransform_float_3_3
Parameters: 0.999855 -0.0158339 -0.00622998 0.0159754 0.999599 0.0233627 0.00585756 -0.0234588 0.999708 -3.5743 1.2332 -6.76354
FixedParameters: 0 0 0

#Transform 3
Transform: AffineTransform_float_3_3
Parameters: 0.999855 -0.0158339 -0.00622998 0.0159754 0.999599 0.0233627 0.00585756 -0.0234588 0.999708 -3.5743 1.2332 -6.76354
FixedParameters: 0 0 0

#Transform 4
Transform: AffineTransform_float_3_3
Parameters: 0.999855 -0.0158339 -0.00622998 0.0159754 0.999599 0.0233627 0.00585756 -0.0234588 0.999708 -3.5743 1.2332 -6.76354
FixedParameters: 0 0 0

#Transform 5
Transform: AffineTransform_float_3_3
Parameters: 0.999884 -0.0130086 -0.00795507 0.0132122 0.999572 0.0260979 0.00761217 -0.0262 0.999628 -3.05624 1.52248 -6.54075
FixedParameters: 0 0 0

#Transform 6
Transform: AffineTransform_float_3_3
Parameters: 0.999769 -0.0212269 -0.00324667 0.0212808 0.999619 0.0175712 0.00287246 -0.0176362 0.99984 -4.27625 0.292805 -4.52822
FixedParameters: 0 0 0

#Transform 7
Transform: AffineTransform_float_3_3
Parameters: 0.999703 -0.0240346 -0.00407827 0.0241154 0.999487 0.0210713 0.00356974 -0.0211634 0.99977 -4.93296 0.885272 -5.67246
FixedParameters: 0 0 0

#Transform 8
Transform: AffineTransform_float_3_3
Parameters: 0.999638 -0.0269054 0.000700825 0.026888 0.999471 0.0182983 -0.00119278 -0.0182729 0.999832 -5.04377 0.313424 -4.82579
FixedParameters: 0 0 0

#Transform 9
Transform: AffineTransform_float_3_3
Parameters: 0.999619 -0.0276092 -0.000161034 0.0276079 0.999474 0.0169956 -0.000308285 -0.0169936 0.999856 -5.3198 0.229338 -4.58038
FixedParameters: 0 0 0

#Transform 10
Transform: AffineTransform_float_3_3
Parameters: 0.999601 -0.0279633 -0.00387096 0.0280104 0.999527 0.0127111 0.00351368 -0.0128144 0.999912 -5.92467 -0.234357 -3.66246
FixedParameters: 0 0 0

#Transform 11
Transform: AffineTransform_float_3_3
Parameters: 0.999787 -0.0196828 -0.0062795 0.0197853 0.999665 0.0167 0.00594869 -0.0168206 0.999841 -4.77128 0.741395 -4.17907
FixedParameters: 0 0 0

#Transform 12
Transform: AffineTransform_float_3_3
Parameters: 0.999961 0.00558219 -0.00685749 -0.00549296 0.999901 0.0129632 0.00692918 -0.0129251 0.999892 0.783172 0.886671 -2.41524
FixedParameters: 0 0 0

#Transform 13
Transform: AffineTransform_float_3_3
Parameters: 0.99991 0.0133663 0.000997609 -0.0133677 0.99991 0.00144992 -0.000978139 -0.00146313 0.999998 3.40374 -0.420133 0.417182
FixedParameters: 0 0 0

#Transform 14
Transform: AffineTransform_float_3_3
Parameters: 0.999897 0.0126476 0.00681543 -0.0126215 0.999913 -0.00386118 -0.00686367 0.00377476 0.999969 3.93701 -1.06631 1.60304
FixedParameters: 0 0 0

#Transform 15
Transform: AffineTransform_float_3_3
Parameters: 0.999763 0.0207279 0.00658773 -0.0207148 0.999783 -0.00205151 -0.00662882 0.00191456 0.999976 5.49327 -0.627154 1.80588
FixedParameters: 0 0 0

#Transform 16
Transform: AffineTransform_float_3_3
Parameters: 0.999787 0.0195638 0.00658209 -0.0195196 0.999787 -0.00670372 -0.00671184 0.00657382 0.999956 4.72365 -0.947352 2.85119
FixedParameters: 0 0 0

#Transform 17
Transform: AffineTransform_float_3_3
Parameters: 0.999714 0.0234656 0.00457862 -0.0234137 0.999665 -0.0110759 -0.00483698 0.0109655 0.999928 5.52906 -1.37786 4.03585
FixedParameters: 0 0 0

#Transform 18
Transform: AffineTransform_float_3_3
Parameters: 0.999927 0.0120002 0.0014454 -0.0119872 0.99989 -0.00869074 -0.00154953 0.00867278 0.999961 2.76337 -0.573249 3.00741
FixedParameters: 0 0 0

#Transform 19
Transform: AffineTransform_float_3_3
Parameters: 0.999994 0.00357653 -0.000460613 -0.00357656 0.999994 -6.05153e-05 0.000460394 6.21623e-05 1 0.341608 0.555421 0.322121
FixedParameters: 0 0 0

#Transform 20
Transform: AffineTransform_float_3_3
Parameters: 0.999963 0.00562209 -0.00649249 -0.00565447 0.999972 -0.00498105 0.0064643 0.00501758 0.999967 -0.0584793 -0.0280673 1.36897
FixedParameters: 0 0 0

#Transform 21
Transform: AffineTransform_float_3_3
Parameters: 0.999985 0.00303604 -0.00451831 -0.00306547 0.999974 -0.00652111 0.00449839 0.00653487 0.999969 -0.396082 0.0382016 1.47873
FixedParameters: 0 0 0

#Transform 22
Transform: AffineTransform_float_3_3
Parameters: 0.999968 0.00750834 -0.00273052 -0.00753933 0.999905 -0.0115216 0.00264375 0.0115418 0.99993 0.458001 -0.326723 2.34296
FixedParameters: 0 0 0

#Transform 23
Transform: AffineTransform_float_3_3
Parameters: 0.999954 0.00852061 0.00448469 -0.00847667 0.999917 -0.00972607 -0.00456719 0.0096876 0.999943 1.65108 -0.049209 2.03062
FixedParameters: 0 0 0

#Transform 24
Transform: AffineTransform_float_3_3
Parameters: 0.999917 0.0127457 0.0017102 -0.012729 0.999875 -0.00942394 -0.0018301 0.00940139 0.999954 2.8649 -0.161716 2.66553
FixedParameters: 0 0 0

#Transform 25
Transform: AffineTransform_float_3_3
Parameters: 0.999991 0.00415934 -0.000401463 -0.00416319 0.99994 -0.0101218 0.000359339 0.0101234 0.999949 0.343758 -0.401222 3.1939
FixedParameters: 0 0 0

#Transform 26
Transform: AffineTransform_float_3_3
Parameters: 0.99999 0.00294364 -0.00347415 -0.0029777 0.999947 -0.00984085 0.003445 0.0098511 0.999946 -0.460319 -0.0398839 2.9426
FixedParameters: 0 0 0

#Transform 27
Transform: AffineTransform_float_3_3
Parameters: 0.999995 0.00121525 -0.00289285 -0.00125876 0.999885 -0.0150867 0.00287419 0.0150902 0.999882 -0.979197 -0.539506 4.31519
FixedParameters: 0 0 0

#Transform 28
Transform: AffineTransform_float_3_3
Parameters: 0.999939 0.0109168 -0.00175716 -0.0109344 0.999886 -0.0103753 0.0016437 0.0103939 0.999945 1.04063 0.458363 2.77627
FixedParameters: 0 0 0

#Transform 29
Transform: AffineTransform_float_3_3
Parameters: 0.999916 0.0128708 -0.00116364 -0.0128797 0.999886 -0.00790909 0.00106171 0.00792341 0.999968 2.08751 0.703025 2.27866
FixedParameters: 0 0 0

#Transform 30
Transform: AffineTransform_float_3_3
Parameters: 0.999972 0.000117137 0.00751651 -5.93834e-05 0.99997 -0.00768328 -0.00751719 0.00768261 0.999942 1.35681 0.601751 1.60514
FixedParameters: 0 0 0

#Transform 31
Transform: AffineTransform_float_3_3
Parameters: 0.999993 0.00141419 0.00352871 -0.00138151 0.999956 -0.00924671 -0.00354164 0.00924177 0.999951 0.796147 0.817089 2.39082
FixedParameters: 0 0 0

#Transform 32
Transform: AffineTransform_float_3_3
Parameters: 0.999981 0.00370319 0.00485637 -0.0036167 0.999837 -0.0176987 -0.00492112 0.0176808 0.999832 1.39186 -0.339046 4.44136
FixedParameters: 0 0 0
