0.63662	-0.1527	-0.035494	-0.0048972	0.016817	0.0042382	0.0090367	-0.0002651	0.016071	0.017604	0.0068863	0.0070078	0.0025281	-0.036616	0.0035319	0.0064068	0.0074613	0.0058833	0.0012709	-0.0059065	0.0019111	0.0074305	0.020248	0.0074892	0.024986	0.0027934	0.0084876	0.0051853	0.0012368	-0.0091501	0.010841	0.016286	0.0068918	0.00679	0.013901	0.00046766	0.0056398	0.0046727	0.0065246	0.0037476	-0.0099303	-0.0072464	0.027973	0.00074893	0.0028395	0.021574	0.0069852	0.010859	0.0075541	0.0064682	0.0061708	0.0037093	0.01278	0.021456	0.010913	0.0081851	0.0068471	0.0026915	0.0073669	0.0046027	0.014245	-0.02135	-0.084446	-0.087455	-0.051005	-0.010022	0.01654	0.019445	0.0049583	0.00022218	0.021445	0.0014402	0.0033516	0.0083175	0.0056151	0.010752	-0.030451	-0.054839	-0.086464	0.0091114	0.012517	0.0013181	0.014537	0.019054	0.0014803	0.023647	0.0013996	0.0039437	0.0023766	0.0051886	0.017964	0.0029375	0.00061396	0.031639	-0.00034027	-0.013609	0.0048371	0.0057171	0.0044984	0.004243	0.0055189	-0.0082016	0.0088736	0.014725	0.0044209	0.018471	0.012335	-0.0095054	0.00089951	0.003183	0.014527	0.0058253	0.023951	0.014138	0.0030261	-0.0035165
-0.1527	0.75701	-0.10245	-0.10332	0.0039245	0.0027282	0.0087855	0.0013274	0.01009	0.014252	-0.006895	-0.042256	-0.10341	-0.10544	-0.024186	0.0017802	0.0056226	0.0071476	-0.0012219	-0.0028413	-0.0021543	0.0020197	0.012532	0.0035398	0.012067	0.0027274	0.0067847	0.0023919	0.00035088	-0.0010696	0.0056175	0.007454	0.0049554	0.013313	0.0063176	0.0034898	0.0032857	0.0068324	0.0038315	0.0019678	-0.0030276	0.0004469	0.0047231	-0.00093119	0.0029423	0.0069105	0.010232	0.0026413	0.00075885	0.0023465	0.0038861	0.0010694	0.0058183	0.008386	0.0048203	0.0050353	0.0042011	0.0024984	-0.0013493	0.00021243	0.0076212	0.0074145	-0.0090199	-0.074616	0.0010728	0.0018093	0.0057982	0.010934	0.0026443	-0.00084899	0.0086836	0.0012671	0.001758	0.0059447	0.0036616	0.0032215	0.0010308	-0.022788	-0.079495	0.01042	0.0078172	0.0019738	0.0023951	0.0066474	0.0015079	0.009204	0.0020247	0.002288	0.0011143	0.002142	0.0094179	-0.00022654	0.0011895	0.0078366	0.00061352	-0.0039094	0.00063459	0.0024747	0.0059244	0.0055243	0.0043599	-0.0068723	-0.0050607	0.01253	0.002605	0.0078148	0.0059947	-0.0036533	0.00086037	0.0025015	0.0066441	0.0080588	0.015072	0.012615	0.00099354	0.00010705
-0.035494	-0.10245	0.62171	-0.095158	-0.023979	0.00062064	0.0088266	-0.0018703	0.0068389	0.004248	0.0002069	-0.0071363	-0.028819	-0.0013386	0.0027495	0.0079601	0.0025782	0.010736	-0.00063781	-0.0020895	0.00294	0.0053659	0.0076501	0.0075934	0.012338	0.0023029	-0.00091105	0.0023849	0.0023828	-0.0028081	0.0055696	0.0040426	0.0017312	0.0069389	0.00035843	-0.0037675	-0.00017638	-0.00031287	0.0013013	0.0010231	-0.00012813	0.00091457	0.0070825	0.0025469	0.0026547	0.0068123	0.0048567	0.003943	0.005375	-0.0025264	0.0030423	0.0032892	0.0019183	0.0068101	0.0031657	-0.00045732	0.0026274	0.0024735	0.0043331	0.0011917	-9.4371e-05	0.0033629	0.0082056	0.0017523	0.014425	0.0014909	0.0059657	0.0029687	-0.0002561	0.0037749	0.012635	0.0024904	0.0030556	-0.001524	0.00026425	0.0012187	0.0074797	-0.019653	-0.099465	-0.020418	0.0042526	0.0021397	0.0028465	0.0077873	0.00058932	0.0072868	-0.00050521	8.3766e-05	0.00063403	0.0041724	0.0069678	0.0025967	0.0025404	0.008297	-0.0006562	0.0016445	0.0035849	0.0092885	0.0050569	0.0034401	-0.014291	-0.046477	-0.056711	-0.030646	-0.00017418	0.0068564	0.0053253	-0.0027954	0.0028286	0.0060357	-0.00049249	-0.0061793	-0.040248	-0.012091	0.0053589	0.0028831
-0.0048972	-0.10332	-0.095158	0.69525	-0.097814	-0.0088634	-0.0051669	0.0014874	0.0031632	-0.0028334	-0.054692	-0.057242	-0.051689	-0.0096327	-0.011925	-0.0099081	0.00276	0.0060946	0.0061192	0.0024288	0.0059655	0.010878	0.01423	0.0031269	0.011008	0.0045526	0.012246	0.0028886	0.0017278	-0.0022499	0.0065614	0.0085919	0.0045986	0.0086522	0.0087614	0.0058759	0.0069828	0.00020545	0.0040039	0.0024018	-0.0039771	-0.0022093	0.012794	0.00017774	0.0012547	0.013417	0.0080097	0.003815	-0.001455	7.4484e-05	0.0041902	0.003863	0.0097811	0.013638	0.0045315	0.0019175	0.0047593	0.00088619	0.0044297	0.0069805	0.00046452	0.004956	0.010519	0.0019382	0.013802	0.0049393	0.0041864	0.0064904	0.0061094	0.003987	0.01514	0.002061	0.0011547	0.0036177	0.0046384	-0.0098962	0.0111	0.0054388	-0.011899	0.0079751	0.0083656	0.0048263	0.0061419	0.012221	0.0023061	0.016129	-0.0021221	0.0035983	0.0034516	0.00096734	0.012239	0.0026276	0.00089752	0.016134	-0.001765	-0.0041408	0.0024634	0.0055708	0.0099364	0.0055893	0.00058309	-0.0077618	-0.028471	-0.014542	0.0032995	0.014127	0.0089103	-0.0028179	0.0053785	0.011178	0.0099296	-0.010041	-0.075866	-0.03194	0.010469	0.0023087
0.016817	0.0039245	-0.023979	-0.097814	0.58914	-0.015271	-0.033108	-0.0029106	0.0017	-0.021015	-0.075685	-0.04102	0.0049229	0.0058019	-0.0045461	-0.019976	-0.0072105	0.0026714	0.0053755	0.0024897	0.0032207	0.010423	0.020765	0.0019453	0.01137	0.0056381	0.0068743	0.00040565	0.0047421	-0.0055034	0.008582	0.014098	0.0042607	0.0060867	0.0099289	0.0035453	0.0038474	0.0065248	0.0064914	0.0012312	-0.0079201	-0.004835	0.022414	0.0035006	0.0022029	0.015992	0.0043491	0.0050743	-0.00028268	0.0040275	0.0046442	0.0049277	0.009637	0.01809	0.0084031	0.0013363	0.0042456	0.0036357	0.0048643	0.0028137	0.0023832	0.0037359	0.0062414	0.0066238	0.0092025	0.00032733	0.0058409	0.014807	0.0041758	-0.0026875	0.019379	0.0029438	0.0041251	0.0077925	0.004866	0.0065527	-0.00061024	0.010181	0.0072667	0.01504	0.003948	-0.0023514	0.0054096	0.015538	0.0025874	0.016926	0.001248	0.0036689	0.00087301	0.002845	0.016556	0.00021158	0.0024143	0.023541	-0.0026282	-0.0062488	0.0039265	0.0095526	0.0073762	0.0039865	0.0072601	0.0028247	-0.0050831	-0.011169	-0.0026824	0.017821	0.0079762	-0.0024832	0.0090828	0.0078358	4.6842e-06	-0.026311	-0.08028	-0.076404	0.0015172	0.0023332
0.0042382	0.0027282	0.00062064	-0.0088634	-0.015271	0.21206	-0.015142	-0.0045009	-0.0039402	-0.01088	-0.016043	-0.0072847	0.0040063	0.0017545	-0.00034497	-0.0035697	-0.0048005	-0.0052742	-0.0029159	-0.0035115	0.0006791	0.00081234	0.00075193	0.00019931	0.005831	0.0021483	0.00088636	0.0038138	0.0012322	-0.0042338	0.0026453	0.0049109	-0.00049166	0.0018126	0.0028899	0.001826	0.0022941	0.0012301	0.0033766	0.0018805	-0.0029773	0.0012658	0.0064806	0.0021207	0.00030131	0.0067641	0.002516	0.0012443	0.0032828	0.0008556	0.0021954	0.0039533	0.0036756	0.006923	0.0020026	0.001342	0.0018572	0.0017857	0.00082922	0.0019471	0.0002112	0.0010546	0.0017721	0.0014819	0.0062397	0.00031725	0.0036216	0.0048651	0.0011021	0.0012275	0.0075019	-0.00026579	0.00189	0.00090073	0.001717	0.0037398	0.0010168	0.00094145	0.0018986	0.002104	0.002581	-0.0013563	0.0060336	0.0058523	0.0014287	0.0069298	0.00064225	0.0016976	0.0015717	-0.00022875	0.0044421	0.0014966	0.0016021	0.0092448	3.0976e-05	-0.0022022	0.0022684	0.002557	0.0024516	-0.00069745	0.0016454	0.0012635	-0.00028725	9.0394e-05	-0.001085	0.0043248	0.0017073	-0.0029597	-0.0013882	0.00021343	-0.0058639	-0.0041962	-0.0010101	-0.019121	-0.0055853	-0.00083885
0.0090367	0.0087855	0.0088266	-0.0051669	-0.033108	-0.015142	0.76179	-0.039567	-0.037455	-0.06201	-0.049734	-0.010343	0.031074	0.0084632	0.010441	0.0050268	-0.017705	-0.046903	-0.046991	-0.028871	-0.016713	-0.013548	0.0081721	0.0046589	0.025048	0.012987	0.011684	0.0013975	0.0017065	-0.0034889	0.012361	0.020214	0.0036867	0.0035368	0.017126	0.00304	0.0059068	0.0025609	0.011372	0.0027255	6.3828e-05	0.0041528	0.032111	0.001299	-0.00069195	0.020575	0.0066351	0.0046767	3.5014e-05	-0.0011064	0.0043724	0.006358	0.012661	0.023552	0.011889	0.004075	0.0060423	0.0021206	0.0027756	0.0037034	0.0050575	-9.7124e-05	-0.00078525	0.0056908	0.017576	0.0021167	0.0071274	0.014583	0.0023904	0.0059135	0.024364	-0.00034203	0.0015388	0.006911	0.005422	1.7888e-05	0.0070752	0.0012959	0.0062046	0.010896	0.006147	0.0036405	0.012519	0.01787	0.0020538	0.023286	0.001218	0.0056527	0.003377	0.0020877	0.014022	-0.00033371	0.0035985	0.029913	0.0023671	-0.0077765	-0.00077899	0.014347	0.0073207	-0.00084688	0.0064064	0.0033594	0.010627	0.00072658	-0.00509	0.016551	0.01097	-0.030661	-0.023385	-0.030163	-0.023521	-0.0067676	0.019054	-0.063892	-0.058518	-0.046923
-0.0002651	0.0013274	-0.0018703	0.0014874	-0.0029106	-0.0045009	-0.039567	0.33993	-0.023717	-0.023513	-0.0033398	0.0016009	-0.0014072	0.0020637	0.0020505	0.0001265	-0.0067604	-0.02489	-0.033871	-0.028225	-0.02319	-0.016729	-0.010756	0.0015592	-9.753e-05	0.0030886	-0.0011067	-0.0036957	-0.0017622	-0.00054405	0.00025109	-0.00058705	0.0007005	-0.00092594	0.0020937	-0.00093178	0.0010161	0.0014001	0.0007236	0.0023942	0.012851	0.0082639	-0.0040393	-0.00062542	-0.00061757	-0.0011956	-0.00057534	-0.00050787	-0.0028822	0.000952	-0.00068646	0.00018056	-0.0011867	-0.0020596	-0.0015416	-0.00061691	-0.0017351	0.00050164	-0.00053448	0.0019144	0.00089898	0.001656	-0.0012859	0.0013337	-0.0022524	-0.0004316	-0.0018164	-0.0015659	-0.0011569	0.0021644	-0.00090258	0.00066084	0.0012295	0.0018698	5.54e-05	-0.00060813	-0.00025827	0.002523	-0.00056811	-0.0029833	0.00086973	-0.00055094	-0.0025766	-0.00078045	0.00010235	-0.0012639	0.0026039	0.00043667	0.0010154	0.0023309	0.00013378	0.0018668	-0.0013129	-0.0042814	0.0011939	0.0072296	0.0007062	-0.0010629	-0.00054573	0.00050462	-0.00012992	0.00060324	0.0022608	0.00072096	7.0796e-05	-0.0011292	-0.0022981	-0.016741	-0.019791	-0.01528	-0.00024725	0.00211	-0.00010547	0.0029459	-0.028723	-0.034265
0.016071	0.01009	0.0068389	0.0031632	0.0017	-0.0039402	-0.037455	-0.023717	0.49417	-0.01937	-0.032317	-0.0067703	0.051208	0.010786	0.011293	0.0026936	-0.015048	-0.031974	-0.033102	-0.032109	-0.016161	-0.0035485	0.030067	0.00016078	0.042552	0.011116	0.0095564	0.00019307	-0.0013785	-0.018938	0.023718	0.031386	0.0037131	0.0098456	0.020669	0.0031652	0.010199	0.0032317	0.014448	0.0092203	-0.012774	-0.0031391	0.05782	-3.1597e-05	0.0025451	0.040299	0.010928	0.008407	0.0037597	0.0024427	0.0099059	0.0083815	0.023229	0.039321	0.017301	0.0022455	0.014187	0.0040093	0.0056591	0.0071457	0.0015177	0.0076324	0.010713	0.0033331	0.027598	0.0011676	0.022492	0.034749	0.006534	0.0026711	0.046573	-0.0013032	0.0035966	0.010008	0.0049982	0.0010953	0.0040696	0.010643	0.0043188	0.015191	0.01416	0.0026928	0.020639	0.036217	0.0031714	0.047012	-2.1421e-05	0.0046099	0.0061293	0.0041892	0.030046	0.00038939	0.0022259	0.058962	-0.006111	-0.013728	0.0076567	0.013295	0.010524	0.0014929	0.011442	0.004557	0.021621	0.0052244	-0.00013972	0.033391	0.020396	-0.029241	-0.0079543	-0.0095753	0.016829	0.0077411	0.041065	0.016013	-0.012204	-0.026487
0.017604	0.014252	0.004248	-0.0028334	-0.021015	-0.01088	-0.06201	-0.023513	-0.01937	0.69545	-0.12009	-0.047144	0.044633	0.017802	0.0054536	-0.025932	-0.041858	-0.05238	-0.029286	-0.013052	-0.0079527	-0.0065355	0.015049	-0.0020304	0.046022	0.015856	0.0082175	-0.0013977	-0.001058	-0.016721	0.021356	0.032841	0.00093076	0.0098535	0.02967	0.0021007	0.0078086	0.0022045	0.015866	0.0070351	-0.01898	-0.0053673	0.057787	0.0007318	0.0021546	0.04015	0.0096384	0.0081933	0.0036436	0.0034199	0.009648	0.0089962	0.023887	0.041387	0.022231	0.0020226	0.011338	0.0035212	0.0072316	0.0083241	0.0017296	0.002398	0.014182	0.0043823	0.023214	0.0056966	0.021328	0.03301	0.0016917	0.0085803	0.04802	-0.0010136	0.0046365	0.0082025	0.0040694	-0.0021947	0.0075778	0.011848	0.003971	0.015569	0.0076438	0.0025352	0.021514	0.038497	0.0040248	0.045123	-0.0015895	0.0040169	0.004776	0.0060321	0.030282	-0.0018072	0.002124	0.058376	-0.0039248	-0.017499	0.0085646	0.011476	0.0077805	0.0063518	0.011698	0.0039255	0.023097	0.0075288	0.0019964	0.036898	0.020859	-0.023971	-0.002267	0.0010827	0.021786	0.0089524	0.036811	0.0066345	-0.0035867	-0.010594
0.0068863	-0.006895	0.0002069	-0.054692	-0.075685	-0.016043	-0.049734	-0.0033398	-0.032317	-0.12009	0.67349	-0.10686	-0.029219	0.0047988	-0.01744	-0.060681	-0.04543	-0.042776	-0.0015533	0.015006	0.0052369	-0.001797	-0.0059355	-0.00092801	0.0091155	0.01124	0.012082	0.00038557	-0.00027401	-0.0040958	0.0020136	0.0061524	0.004008	0.0082991	0.0097665	-0.0012083	0.0022836	0.0032065	0.002397	0.0010359	-0.0055874	0.0011345	0.0061492	0.0010729	0.00059231	0.0071818	0.0036516	0.00082831	0.0025966	0.0026282	0.0036176	0.0024006	0.0052965	0.0081461	0.0023684	0.0020693	0.0062733	0.0039849	0.0002561	-4.0977e-05	-0.00038356	0.0037293	0.0032892	0.0066392	0.0078239	-0.00065924	0.0052436	0.0063161	-0.00071974	0.0033415	0.0057076	0.0017949	0.0012666	0.0066376	0.00074275	0.00087097	0.00023631	0.0014418	0.0077469	0.0070241	0.0020259	6.0176e-05	0.0043271	0.0064604	0.0022541	0.0081433	0.00070696	0.0016166	0.0018302	0.0036464	0.0021807	0.00071419	0.0024074	0.0096746	-0.00021868	-0.003972	0.0039045	0.0025464	0.00081726	0.0024866	0.0050006	0.0040357	0.0060011	0.0072248	0.002439	0.0044624	0.0045641	0.0018563	0.0065088	0.0059907	0.010451	0.0049843	-0.0070377	-0.017608	0.0048251	0.0096152
0.0070078	-0.042256	-0.0071363	-0.057242	-0.04102	-0.0072847	-0.010343	0.0016009	-0.0067703	-0.047144	-0.10686	0.55005	-0.044774	-0.029065	-0.034402	-0.065162	-0.02649	-0.016379	0.0016983	0.0066776	0.0048613	0.0044803	0.0025218	-0.0068735	-0.0027758	0.0072039	0.011087	0.0025526	0.001382	-0.0018287	0.0055815	0.0065644	0.0053466	0.0057668	0.0028122	0.0095529	0.003402	0.0027467	0.0039464	0.0021381	-0.0039724	-0.0019384	0.0097501	-0.00022196	0.002392	0.010561	0.0057803	0.0043126	0.001655	0.0002952	0.003989	0.0037306	0.0056843	0.0095196	0.0050733	-0.00018057	0.0041359	0.0019731	0.00057092	0.002284	0.00014352	0.0037793	0.0066213	-0.0016798	0.0037299	0.0021052	0.0044231	0.0077289	0.0018244	0.0043343	0.011183	0.00096628	0.0027004	0.0019749	0.0042106	0.0043551	0.0024943	0.0076471	0.0097084	0.0039337	0.0028649	0.00060089	0.0049831	0.0065488	0.00084635	0.0097164	0.00082489	0.0024446	0.0017028	0.00077325	0.007974	0.0008278	0.0015259	0.012412	-0.0016414	-0.003957	-0.00067942	0.0032947	0.0030225	2.0991e-05	0.0051805	0.0029539	0.0047234	0.0065375	0.0041481	0.0071821	0.005479	0.00087059	0.0038378	0.0082458	0.011214	0.0041816	0.0024749	-0.00030714	0.010004	0.0056991
0.0025281	-0.10341	-0.028819	-0.051689	0.0049229	0.0040063	0.031074	-0.0014072	0.051208	0.044633	-0.029219	-0.044774	0.56033	-0.050062	-0.021917	-0.017417	0.0032095	0.014739	0.0053763	-0.014229	0.0074595	0.022274	0.078151	0.0091555	0.060493	0.011686	0.023527	0.010416	0.010667	-0.024561	0.035898	0.055922	0.009989	0.019377	0.03353	0.0095734	0.015627	0.01025	0.026972	0.0095848	-0.029713	-0.014021	0.10199	0.00061174	0.0029309	0.069387	0.026324	0.021464	0.0051656	0.0038199	0.017453	0.015134	0.038274	0.071015	0.031386	0.0027894	0.021952	0.008802	0.013415	0.014438	0.0038843	0.0093035	0.01864	-0.007845	0.051077	0.0014714	0.039268	0.057532	0.0023848	0.0064212	0.083814	-0.0027696	0.0047873	0.015128	0.013447	0.0040395	0.012797	0.020133	0.0003147	0.034714	0.019485	0.0067341	0.034611	0.06644	0.0076014	0.080564	-0.00020936	0.0075794	0.0082167	0.0052922	0.050976	0.0017828	0.0034908	0.10182	-0.0167	-0.027942	0.012023	0.022871	0.015538	0.0072716	0.018296	0.004529	0.036393	0.0097875	0.0039047	0.060544	0.0383	-0.029263	0.0075532	0.013841	0.035057	0.013209	0.058456	0.030792	0.023806	-0.0042502
-0.036616	-0.10544	-0.0013386	-0.0096327	0.0058019	0.0017545	0.0084632	0.0020637	0.010786	0.017802	0.0047988	-0.029065	-0.050062	0.68383	-0.063076	-0.045876	-0.00063607	0.01008	0.0046972	-0.0020455	0.0026643	0.0052289	0.0063178	-0.013524	-0.031484	-0.0091608	0.0043191	0.0048744	0.0043281	0.0011281	0.005646	0.0083213	0.0090841	-0.010514	-0.10613	-0.083702	-0.0044633	0.0049768	0.0072466	0.0026776	0.0034445	-0.00093447	0.010039	0.0052968	0.0049502	0.0061974	-0.014967	0.00036509	0.0034381	0.0015054	0.0026545	0.0045717	0.0056516	0.0072926	0.0036037	-0.0010214	0.001428	0.002651	0.0027783	0.0036097	-0.0032383	0.0034569	-0.021088	-0.12291	0.013833	0.0080636	0.0038957	0.0046277	0.0024959	0.0011094	0.0089848	0.0030467	0.0037062	0.0014757	0.0044353	-0.0021758	0.008788	0.012357	0.012026	0.0064795	0.0024989	-0.0012545	0.0059187	0.0056162	0.00093202	0.0089934	-0.0016338	0.0025754	0.0029736	0.0003765	0.0053071	0.0025125	0.00083392	0.0060389	-5.4354e-05	-0.00028417	0.002024	0.0034485	0.0044333	0.00034547	0.0058796	0.0045692	0.0063556	0.0067637	-0.00053477	0.0061368	0.0038307	-0.0032453	0.0017108	0.0016123	0.0038049	0.0040402	0.011627	0.007044	0.0047986	-0.00015137
0.0035319	-0.024186	0.0027495	-0.011925	-0.0045461	-0.00034497	0.010441	0.0020505	0.011293	0.0054536	-0.01744	-0.034402	-0.021917	-0.063076	0.38481	-0.056502	-0.011411	-0.00039717	0.0035814	0.0010602	0.0023161	0.0062116	0.0018505	-0.020762	-0.029344	-0.0031667	0.0069874	0.0030652	0.0027001	-0.0010718	0.0062624	0.011235	0.0043021	-0.0070314	-0.036718	-0.0046045	0.0017784	0.0052373	0.0060077	0.0029886	-0.0032402	-0.0021872	0.012535	0.0022609	0.0032875	0.01044	0.0071703	0.0041521	0.0018121	0.0013252	0.0052473	0.0037415	0.006733	0.011724	0.0059039	0.0016653	0.0046292	0.0015354	0.0027018	0.005324	0.0031211	0.0041051	0.0076998	-0.012192	0.0081606	0.0012063	0.0051439	0.0072987	0.0033678	0.0021115	0.010714	0.00038833	0.0017369	0.0039967	0.0017003	0.0011912	0.0022222	0.0084085	0.0069959	0.0066453	0.0032449	0.00029915	0.0048535	0.010179	0.001471	0.012924	0.001442	0.0027459	0.0026571	0.0014676	0.007288	0.002377	0.0017101	0.015166	-0.0015181	-0.0033198	0.0021894	0.0033059	0.00257	0.0022836	0.0043005	0.0045361	0.0067052	0.0051375	0.0012427	0.01021	0.0063138	-0.0030755	0.0028026	0.0031294	0.0068077	0.0024953	0.0088074	0.0028614	0.0060758	0.00092943
0.0064068	0.0017802	0.0079601	-0.0099081	-0.019976	-0.0035697	0.0050268	0.0001265	0.0026936	-0.025932	-0.060681	-0.065162	-0.017417	-0.045876	-0.056502	0.56089	-0.04062	-0.026946	0.002301	0.0045937	0.0028861	-0.0016845	-0.022424	-0.057849	-0.063852	-0.010636	0.0024497	0.0012111	0.0030613	-0.00046105	0.0036077	0.013832	0.0063251	-0.013429	-0.045775	0.0070086	0.0021609	0.0066527	0.0044964	0.0019517	0.0018818	-0.0026673	0.0094325	0.0020424	0.0051709	0.0068309	0.010626	0.0076451	-6.0907e-06	0.0015552	0.0029997	-8.6259e-05	0.0040418	0.0065932	0.00505	0.001425	0.0043121	0.0050632	0.0038479	0.0016991	0.0049457	0.0030083	0.0061671	0.0048667	0.0092401	-0.0019162	0.0035602	0.0010705	0.0034043	0.0037294	0.0077443	0.0025425	0.00045867	-0.00082838	0.0021845	0.0035574	0.0032025	0.00043528	0.011307	0.0064025	-0.0051968	0.0015567	0.0041381	0.00615	0.00060532	0.0086318	0.0020888	0.0017005	0.0010919	0.0027427	0.0051686	0.0019937	0.0017351	0.010641	-0.00070677	-0.0025725	-0.00080269	0.00094675	0.0010762	0.0049492	0.0017764	0.0055623	0.0088604	0.0073434	0.00040823	0.0049936	0.0048086	0.001412	0.0058174	0.0084099	0.0081828	0.0019008	0.0047808	5.4453e-07	0.004941	0.0058379
0.0074613	0.0056226	0.0025782	0.00276	-0.0072105	-0.0048005	-0.017705	-0.0067604	-0.015048	-0.041858	-0.04543	-0.02649	0.0032095	-0.00063607	-0.011411	-0.04062	0.46388	-0.033878	-0.012582	-0.0024396	-0.0035315	-0.014533	-0.023482	-0.034422	-0.016786	-0.0059473	-0.01073	-0.0032243	-0.002371	-0.0058647	0.0043371	0.0065481	-0.0020744	-0.000607	-0.0071461	0.0045247	0.0023774	0.0023829	0.0017141	0.0013402	-0.0029759	-0.0009595	0.0089114	0.00068919	0.0034981	0.0084353	0.003464	0.0036776	0.0040503	0.0021509	0.0039834	-5.8795e-05	0.0052006	0.010376	0.0024773	-0.0022798	0.0033234	0.0016935	0.00404	-0.00045916	0.0018558	-0.0013614	0.0018791	0.0041861	0.0015001	0.0016054	0.004556	0.0067114	0.0036576	-0.0018121	0.01135	0.0014217	0.0011049	0.0012504	0.0031996	0.006887	-0.00031911	0.0032065	-0.00050327	0.0037264	0.0057449	-0.0036212	0.0063201	0.0048346	0.0021871	0.0072574	-0.00056839	0.0025679	0.00075621	0.0013648	0.0035384	0.0019189	0.0021626	0.010025	0.00099497	-0.0018228	-0.00070343	0.0037236	0.0025886	-0.00086103	0.0032843	0.003505	0.005971	0.0027398	0.0019909	0.0081054	0.0022542	-0.0051642	-0.00035554	0.001288	0.0079746	0.0014924	0.0056885	0.0028054	0.0011792	0.0013119
0.0058833	0.0071476	0.010736	0.0060946	0.0026714	-0.0052742	-0.046903	-0.02489	-0.031974	-0.05238	-0.042776	-0.016379	0.014739	0.01008	-0.00039717	-0.026946	-0.033878	0.67988	-0.041512	-0.035477	-0.027071	-0.03333	-0.041334	-0.030571	0.0011094	-0.0034825	-0.030829	-0.0086395	-0.011959	-0.014535	0.0012391	0.010523	-0.0024544	-0.0064284	0.0054818	0.0055249	0.0030653	0.0028617	0.0072182	0.0004132	-0.0055788	-0.0024612	0.018164	0.0034332	-0.00041945	0.010766	0.00523	0.0012512	-0.00087317	0.0034025	0.0032306	0.0029109	0.0066274	0.011993	0.0051678	0.0017688	0.0030584	0.0019493	0.0028343	0.003749	0.0015294	0.0044693	-0.00062366	0.0035266	0.0046075	0.003505	0.0040855	0.0090158	0.0022916	-0.00010028	0.014891	0.00092485	0.0018346	0.0013359	0.0031803	0.00061805	0.0054261	0.0010311	-0.0013705	0.0058873	0.0045956	0.0019358	0.0053289	0.012587	0.0011271	0.012821	0.0022979	0.0021461	0.00051389	-0.0014604	0.0094234	0.0019759	-0.00029687	0.016133	0.002731	-0.0058494	0.0040467	0.0030198	0.005039	0.0028272	0.0010461	0.00083829	0.0037481	0.0028983	0.00051953	0.0090605	0.0063748	-0.012557	-0.0075054	-0.0031646	0.0081544	0.0082618	0.012755	0.010439	-0.014217	-0.017161
0.0012709	-0.0012219	-0.00063781	0.0061192	0.0053755	-0.0029159	-0.046991	-0.033871	-0.033102	-0.029286	-0.0015533	0.0016983	0.0053763	0.0046972	0.0035814	0.002301	-0.012582	-0.041512	0.50789	-0.06476	-0.037393	-0.031194	-0.026065	-0.0024747	0.0044123	0.002827	-0.014712	-0.012362	-0.016689	-0.015571	-0.0012103	0.0021554	-0.002028	-0.001553	0.0046244	-0.0013025	0.0014908	-0.00066221	0.003175	-0.00041156	0.0043347	0.00097004	0.0031788	0.0017043	-0.0015236	0.0025003	0.002631	0.0016547	0.0022841	0.00035371	0.0020282	0.0015818	0.00056736	0.0022955	0.0036794	-0.0016635	0.0029729	0.0014427	0.0034571	-1.5274e-05	-0.0033301	-0.0014808	0.0019562	0.00082927	0.0042049	-0.00096669	0.0057122	-0.0011001	0.0042516	-0.0016937	0.0047143	-0.0013652	-6.0471e-05	-0.0028141	0.0027233	0.0010897	0.0029323	-0.0014076	0.0011808	0.0027381	-0.00057127	0.0024412	0.0038571	0.0023064	0.00083296	0.0048413	0.0014174	0.0011507	0.0011976	8.6244e-05	-0.0030174	0.00015143	-0.00043373	0.0022485	0.0028702	0.0056778	0.003337	-0.00038027	-0.00080429	0.0022494	0.0022877	0.002517	0.0050652	0.0034814	-0.0014579	0.0041018	0.0017095	-0.014201	-0.010824	-0.013563	0.0061748	0.0060785	0.0047763	0.011895	-0.024551	-0.034107
-0.0059065	-0.0028413	-0.0020895	0.0024288	0.0024897	-0.0035115	-0.028871	-0.028225	-0.032109	-0.013052	0.015006	0.0066776	-0.014229	-0.0020455	0.0010602	0.0045937	-0.0024396	-0.035477	-0.06476	0.40034	-0.05519	-0.037289	-0.030823	0.0064047	-0.0052816	0.0074778	-0.0098359	-0.017201	-0.033258	-0.036514	-0.014179	-0.0083323	-0.0015887	-0.00070208	-0.0035485	0.0039074	-0.00047809	6.7138e-05	-0.006805	-0.0045116	-0.0019572	-0.0036821	-0.017713	-0.0003529	-0.00055977	-0.0097845	-0.0029959	-0.0012693	0.0020651	-0.00050532	-0.0023068	-0.0022441	-0.0085516	-0.011572	-0.0055039	-0.00038398	0.00068783	-0.00043038	0.0017891	-0.0088246	0.0041745	-0.00062852	0.00041676	-0.0030253	-0.0063838	-0.0080397	-0.0030406	-0.0076575	-0.0020625	-0.0023725	-0.010393	0.0029076	-0.0025612	-0.00094803	-0.0026428	0.0060212	-0.00028522	-0.00015452	0.0014339	-0.0068931	-0.0063982	0.0022349	-0.0054483	-0.0098277	-0.0019772	-0.0087845	0.0010041	-0.0033109	-0.0046212	-0.0021769	-0.0032835	-0.0010147	-0.00065709	-0.018889	0.0016921	0.015485	-0.0010153	-0.0083775	-0.0017489	0.00074298	-0.0027661	-0.0012318	-0.0052847	0.00077217	0.00043504	-0.0085193	-0.005586	0.010084	-0.002579	-0.0036111	-2.6189e-05	0.00031217	-0.0084553	0.001051	-0.017257	-0.017002
0.0019111	-0.0021543	0.00294	0.0059655	0.0032207	0.0006791	-0.016713	-0.02319	-0.016161	-0.0079527	0.0052369	0.0048613	0.0074595	0.0026643	0.0023161	0.0028861	-0.0035315	-0.027071	-0.037393	-0.05519	0.39848	-0.027558	-0.016397	-0.0010336	0.0061898	0.0015446	-0.018238	-0.015135	-0.021656	-0.027597	-0.0059581	-3.3323e-05	-0.0026515	-0.0026014	0.0017012	0.0049024	-0.000792	0.0017745	0.0010276	-0.0011737	-0.011248	-0.0058617	0.0030651	0.0020654	-0.00043212	0.0058104	0.0011281	0.0034647	0.0015829	-0.000504	0.00017898	0.0040324	0.0047581	0.0043997	0.0017485	0.0035092	0.0010377	0.0022505	0.0026366	-0.0017011	-0.0012774	-0.0013488	0.0011276	0.0050187	0.0031653	-0.0010196	0.0077066	0.0041699	-0.0029821	0.00013183	0.0046479	0.0021355	0.0017881	0.0044068	-0.0011597	0.005946	-1.4403e-05	-0.0037438	0.0028878	0.0048051	0.00058	0.00086954	0.0012434	0.0054133	-0.00064275	0.0068396	-0.0002149	-0.00011029	-0.0019718	3.1971e-05	0.0039505	0.0003721	0.0012047	0.0066265	0.0017991	-0.00492	0.00084544	0.0029508	0.00055678	-0.00028129	0.00076206	0.0020048	0.0042622	0.0037793	-0.0006885	0.0035491	0.0025565	-0.0029662	-0.0064134	-0.0024292	0.0027311	0.0023978	0.0029489	0.0062419	-0.0082999	-0.01174
0.0074305	0.0020197	0.0053659	0.010878	0.010423	0.00081234	-0.013548	-0.016729	-0.0035485	-0.0065355	-0.001797	0.0044803	0.022274	0.0052289	0.0062116	-0.0016845	-0.014533	-0.03333	-0.031194	-0.037289	-0.027558	0.48769	-0.01814	-0.019744	0.013006	-0.0080682	-0.040553	-0.017521	-0.014503	-0.028698	-0.00088119	0.0074998	-0.0098424	0.00012191	0.0072309	0.0064874	0.0058722	0.0026274	0.0025008	-0.001456	-0.01547	-0.006335	0.019838	-0.0013821	0.0012453	0.017424	0.0055642	0.0038966	0.0062657	0.0024366	0.0020443	0.0026714	0.010016	0.017283	0.0087125	0.0013373	0.0086703	0.0038912	0.0054441	0.0028356	0.001274	0.0024348	0.0053253	0.0017216	0.010405	0.00070562	0.010048	0.01336	0.0036879	0.0011577	0.02147	0.00068456	0.0019965	0.0010631	-0.00077671	0.0071696	0.0032542	0.0024934	0.004109	0.0060667	0.0017461	0.0013659	0.010764	0.016275	0.00033506	0.019523	-0.0024651	0.004186	0.0020849	0.0014588	0.012257	0.0012517	0.0018167	0.027604	-0.0051279	-0.0091137	0.0047875	0.0060068	0.0055227	0.0018463	0.0062129	0.0011641	0.0090403	0.0026477	0.0013886	0.014583	0.008738	-0.0082248	-0.0014803	-0.00094788	0.0085469	0.0013747	0.013485	0.010923	-0.0066005	-0.0073144
0.020248	0.012532	0.0076501	0.01423	0.020765	0.00075193	0.0081721	-0.010756	0.030067	0.015049	-0.0059355	0.0025218	0.078151	0.0063178	0.0018505	-0.022424	-0.023482	-0.041334	-0.026065	-0.030823	-0.016397	-0.01814	0.65728	-0.067383	0.032628	-0.031341	-0.067338	-0.010416	-0.0085201	-0.029817	0.024932	0.039834	-0.0092178	0.010615	0.020648	0.0039443	0.01288	0.0058443	0.021432	0.0048959	-0.030219	-0.0089992	0.079158	0.0017246	-2.4294e-05	0.05474	0.017048	0.01413	0.0048031	0.0049423	0.01608	0.011743	0.031822	0.054406	0.025513	0.00058019	0.015963	0.0066235	0.0078243	0.0086653	0.0058082	0.0015118	0.013933	0.01049	0.043116	-0.0014632	0.031948	0.046784	3.7217e-05	0.0075926	0.067118	-0.0033397	0.001218	0.01241	0.015194	0.0040369	0.0079053	0.011933	0.0051317	0.026666	0.01377	0.00049735	0.026684	0.050037	0.0050695	0.059676	0.0013376	0.0071271	0.0076814	0.0055642	0.039845	0.0020509	0.0012907	0.080382	-0.008579	-0.022605	0.0099983	0.015292	0.013538	0.0034204	0.017064	0.0033231	0.027037	0.0061149	0.002466	0.045864	0.030319	-0.026582	0.0055855	0.007176	0.024591	0.0071377	0.048039	0.026479	0.015117	-0.0077756
0.0074892	0.0035398	0.0075934	0.0031269	0.0019453	0.00019931	0.0046589	0.0015592	0.00016078	-0.0020304	-0.00092801	-0.0068735	0.0091555	-0.013524	-0.020762	-0.057849	-0.034422	-0.030571	-0.0024747	0.0064047	-0.0010336	-0.019744	-0.067383	0.52607	-0.049345	-0.093499	-0.055872	-0.0043874	0.003132	0.0021574	0.002753	0.0072907	-0.012132	-0.0012251	-0.020857	0.0018788	0.0011884	0.0019182	0.003822	0.0030013	-0.000906	0.0023785	0.0077428	0.00041238	0.0015439	0.0058704	0.0043469	-0.00070505	0.0029402	0.00074786	0.0024349	0.0037897	0.0038201	0.0083492	0.0035967	0.0034083	0.0016928	0.002981	-0.00095476	0.0057705	0.0023411	0.0038208	0.0075588	0.0010049	0.0025428	0.0017647	-0.00029157	0.0041585	0.00065209	0.00023044	0.0064367	0.0029843	0.0044579	0.0031408	0.0033271	-0.0046011	-0.00074532	0.0037823	0.0034777	0.0018369	0.0047419	0.0032312	0.0036164	0.0063553	0.0017877	0.0075118	-0.0025517	0.001891	0.0021432	0.0030107	0.0062736	0.0015804	0.00097322	0.0079557	-0.00046389	-0.0029587	-2.3462e-05	0.0046487	0.00022775	0.0033596	0.0025931	0.0025033	0.0041917	0.00061017	0.0004502	0.0044685	0.0045749	-0.0013966	0.0014742	0.0042962	0.0026884	-0.0022272	-0.00024027	-0.0071396	0.0022943	0.0044214
0.024986	0.012067	0.012338	0.011008	0.01137	0.005831	0.025048	-9.753e-05	0.042552	0.046022	0.0091155	-0.0027758	0.060493	-0.031484	-0.029344	-0.063852	-0.016786	0.0011094	0.0044123	-0.0052816	0.0061898	0.013006	0.032628	-0.049345	0.50479	-0.019674	0.0010407	0.0053492	0.0078594	-0.014846	0.026745	0.045432	-0.011202	-0.051909	-0.065148	-0.0046792	0.0087306	0.0069996	0.021534	0.00927	-0.022529	-0.0068272	0.072816	0.0023171	0.0043084	0.052842	0.020263	0.017525	0.0071341	0.0055477	0.01491	0.010441	0.028224	0.053358	0.027417	0.0031584	0.020767	0.0061783	0.012904	0.0058552	0.0054109	0.0094067	0.017494	0.00649	0.034793	-0.0019736	0.027356	0.042841	-0.0018227	0.0026894	0.062038	-0.001572	0.0042422	0.011848	0.0086992	0.011384	0.0092185	0.012922	0.0089715	0.027518	0.015191	0.00086235	0.02683	0.046738	0.0046158	0.061183	-0.001643	0.0068803	0.0064079	0.0020797	0.037167	0.00023519	0.0038651	0.075203	-0.0071659	-0.021887	0.0093295	0.019291	0.0087233	0.0044098	0.014525	0.0053838	0.029778	0.0092133	0.0025449	0.044244	0.029371	-0.022133	0.0073861	0.01163	0.02313	0.0059678	0.034514	0.014685	0.016542	-0.0024777
0.0027934	0.0027274	0.0023029	0.0045526	0.0056381	0.0021483	0.012987	0.0030886	0.011116	0.015856	0.01124	0.0072039	0.011686	-0.0091608	-0.0031667	-0.010636	-0.0059473	-0.0034825	0.002827	0.0074778	0.0015446	-0.0080682	-0.031341	-0.093499	-0.019674	0.30409	-0.11128	-0.01237	0.0017932	0.0025372	0.00012793	-0.010543	0.0063675	0.068537	0.0062987	-0.011469	3.9167e-06	-0.0080713	-0.00099284	0.001592	0.0034361	0.0030955	0.0098727	-0.00044272	-0.003454	0.0067454	-0.00309	0.0010346	-0.00063322	0.0020568	0.0032118	0.004538	0.0064437	0.0090278	0.0055621	-0.0016574	0.00084309	0.0012619	0.0023313	0.0047738	-0.00019377	0.0022967	0.0015107	-0.0026068	0.0099386	0.0034642	0.0052988	0.0077125	0.002444	0.0032314	0.011622	0.00063212	0.0020175	0.0024098	0.0024403	-0.0014533	0.0052589	0.004146	0.0024334	0.0048234	0.0035514	0.0011534	0.0065977	0.0083092	0.0016338	0.011444	0.0020966	0.0028378	0.0012144	0.0012373	0.0074846	0.00081878	0.0014104	0.013056	0.0013469	0.0023084	0.0038905	0.0034098	0.0046515	-0.00061524	0.0020186	0.0022959	0.0029696	-0.001281	-0.00028119	0.0065588	0.0059648	-0.0047585	0.0029062	0.0021838	0.0023881	-0.00048017	0.0046895	0.0012981	0.0056027	0.000942
0.0084876	0.0067847	-0.00091105	0.012246	0.0068743	0.00088636	0.011684	-0.0011067	0.0095564	0.0082175	0.012082	0.011087	0.023527	0.0043191	0.0069874	0.0024497	-0.01073	-0.030829	-0.014712	-0.0098359	-0.018238	-0.040553	-0.067338	-0.055872	0.0010407	-0.11128	0.53859	-0.028299	-0.015293	-0.016259	0.00083602	-0.024823	0.0036518	0.020056	0.0072269	0.0037581	0.0012422	-0.0038741	-0.0029942	-0.0020635	-0.013549	-0.0049094	0.025483	0.0011548	6.0525e-05	0.01678	0.00076612	0.0033809	0.0038178	0.00043127	0.0048825	0.0025524	0.011489	0.020606	0.0056646	-0.00011087	0.010014	0.0011533	0.0032522	0.002667	0.0036651	0.0052621	0.006605	-0.0008453	0.011838	0.0032153	0.0085685	0.016551	0.0062388	0.0043173	0.01964	0.00050222	0.0022063	0.0077948	0.004411	0.0029575	0.0018182	0.0060056	0.0049251	0.0060978	0.0084104	0.001285	0.0079533	0.016808	0.0011699	0.018568	0.00088744	0.0025422	0.002426	0.0018898	0.012277	-0.00024394	0.0032814	0.025547	0.00037862	-0.0073312	0.0024086	0.0092677	0.0039169	0.0034198	0.0045562	0.0018996	0.010493	0.00014639	-0.00028069	0.016261	0.0098777	-0.0048396	0.0052761	0.0031198	0.0022379	0.0012764	0.012726	0.008173	0.0074349	0.0039281
0.0051853	0.0023919	0.0023849	0.0028886	0.00040565	0.0038138	0.0013975	-0.0036957	0.00019307	-0.0013977	0.00038557	0.0025526	0.010416	0.0048744	0.0030652	0.0012111	-0.0032243	-0.0086395	-0.012362	-0.017201	-0.015135	-0.017521	-0.010416	-0.0043874	0.0053492	-0.01237	-0.028299	0.29467	-0.016275	-0.019246	-0.0080986	-0.012181	-0.0079836	-0.005427	0.0013523	0.001638	0.0009263	0.00033898	-0.006093	-0.0037119	-0.016352	-0.0073526	0.0055176	-0.00032578	0.0023703	0.0046188	0.01011	-0.00067586	0.0015551	0.0011765	0.00091464	0.00098539	0.0037602	0.0059303	0.0034617	0.0022761	0.0039852	0.0016159	0.003449	0.0029146	0.001948	0.0015004	-0.00024944	0.0026183	0.0035108	-0.00061501	0.0044054	0.0047133	0.001351	0.0025135	0.0083581	-0.00030624	0.0024912	0.0032442	0.0028252	0.0042817	-0.0002756	0.00072041	-0.00068234	0.0038947	0.00067621	0.00022707	0.0029616	0.0041227	0.0015896	0.0063997	0.00053363	0.0039699	0.0023537	0.0028355	0.0070708	-3.6939e-05	0.00053526	0.0096278	-0.0032712	-0.0086105	0.0005214	0.00053736	0.0021147	0.0029988	0.003204	2.4231e-05	0.0062811	0.00078769	-0.00029998	0.0055091	0.0038541	0.00031415	0.0015271	0.0012399	0.0017136	0.00022575	0.0072129	0.0017816	0.0032968	0.0030368
0.0012368	0.00035088	0.0023828	0.0017278	0.0047421	0.0012322	0.0017065	-0.0017622	-0.0013785	-0.001058	-0.00027401	0.001382	0.010667	0.0043281	0.0027001	0.0030613	-0.002371	-0.011959	-0.016689	-0.033258	-0.021656	-0.014503	-0.0085201	0.003132	0.0078594	0.0017932	-0.015293	-0.016275	0.29139	-0.032439	-0.01522	-0.0042313	-0.0035132	-0.0018623	0.0032517	0.0030817	0.0020783	0.0037346	-0.0060981	-0.0059192	-0.027383	-0.016583	0.0063135	0.00039298	0.0035413	0.006482	0.0043003	0.0040421	0.00049014	0.00085344	0.0012319	0.00067895	0.0037655	0.0088244	0.0033094	-0.0019112	0.0044941	0.0026937	0.0037299	0.0011912	0.00055685	0.0035029	0.0022645	0.0020413	0.0030099	-0.0029555	0.0056293	0.0077516	0.0025805	-2.6959e-05	0.0067649	-0.00040788	-0.0026545	0.0035591	0.001637	0.00092931	0.00039468	0.0027876	0.0018426	-0.00036337	0.0041051	0.00021801	0.0050077	0.0048305	0.002031	0.0088329	-0.0015723	0.00067468	0.0015155	0.0015226	0.0043747	0.0015657	0.0017668	0.0090414	-0.0062569	-0.013135	-0.005785	0.0038173	0.0018753	0.00054636	0.0032836	0.0027113	0.0035936	0.0030543	-0.0013373	0.0050826	0.0025206	0.0087293	0.0088928	0.0020572	-0.00098566	0.00077431	0.0043931	0.0020463	0.0058327	0.0067107
-0.0091501	-0.0010696	-0.0028081	-0.0022499	-0.0055034	-0.0042338	-0.0034889	-0.00054405	-0.018938	-0.016721	-0.0040958	-0.0018287	-0.024561	0.0011281	-0.0010718	-0.00046105	-0.0058647	-0.014535	-0.015571	-0.036514	-0.027597	-0.028698	-0.029817	0.0021574	-0.014846	0.0025372	-0.016259	-0.019246	-0.032439	0.26486	-0.026967	-0.017429	-0.0015847	-0.006608	-0.00453	0.00023739	-0.0016905	0.0019212	-0.014137	-0.010379	-0.017545	-0.015618	-0.032108	0.0007355	0.0033475	-0.018558	-0.0031808	-0.0053199	0.001559	-0.00047344	-0.0051501	-0.0068076	-0.0082171	-0.017938	-0.0072254	0.0010741	-0.0035317	-0.0017978	0.002022	-0.0065454	-0.0011586	-0.002139	-0.0023919	-0.0017445	-0.010423	-0.0052357	-0.0094487	-0.012669	0.0027104	-0.0019005	-0.020141	0.0011066	-0.0034142	-0.00064604	-0.002638	0.00099015	-0.0037781	-0.0020641	0.00040665	-0.0071301	-0.0052621	-0.00015265	-0.0074126	-0.019578	-0.0021155	-0.019686	-1.3492e-05	0.0008505	-0.0038398	-0.0035421	-0.014228	0.0010796	-0.00038159	-0.029954	-0.0031491	-0.0024288	-0.007657	-0.0045242	-0.0035505	-0.001975	-0.0043651	0.00019625	-0.0072299	-0.0032822	-0.00010323	-0.017113	-0.011465	0.024619	0.013925	0.0025371	-0.01566	-0.0052833	-0.014522	-0.0096562	0.0016308	0.015928
0.010841	0.0056175	0.0055696	0.0065614	0.008582	0.0026453	0.012361	0.00025109	0.023718	0.021356	0.0020136	0.0055815	0.035898	0.005646	0.0062624	0.0036077	0.0043371	0.0012391	-0.0012103	-0.014179	-0.0059581	-0.00088119	0.024932	0.002753	0.026745	0.00012793	0.00083602	-0.0080986	-0.01522	-0.026967	0.29066	-0.017723	-0.0074298	0.0031815	0.015569	0.0012491	0.0052241	-0.0027093	-0.0087591	-0.0079872	-0.038253	-0.022232	0.029881	-0.0023218	-0.0029341	0.025634	0.0087837	0.0082871	0.00096248	0.00067107	0.0060936	0.0017942	0.015875	0.02798	0.012881	0.0021608	0.0096278	0.0064821	0.0077645	0.0070815	0.0029484	0.0026851	0.0070633	0.0048145	0.020278	0.0047664	0.013288	0.022343	0.0030352	0.0013034	0.033485	-0.0006784	0.0032899	0.0067554	0.0071053	0.00066875	0.0058569	0.0052044	0.004483	0.013144	0.0090389	0.0015261	0.013627	0.026459	0.0029846	0.033952	0.00035904	0.00492	0.0034813	0.005347	0.022788	-0.0012195	0.00094357	0.03933	-0.0068454	-0.018476	0.00023767	0.0082097	0.0072594	0.003162	0.0078528	0.00047402	0.014121	0.0050743	0.0032769	0.022956	0.011311	-0.01022	0.0036692	0.0060112	0.013964	0.0040542	0.024714	0.012095	0.011677	0.0038222
0.016286	0.007454	0.0040426	0.0085919	0.014098	0.0049109	0.020214	-0.00058705	0.031386	0.032841	0.0061524	0.0065644	0.055922	0.0083213	0.011235	0.013832	0.0065481	0.010523	0.0021554	-0.0083323	-3.3323e-05	0.0074998	0.039834	0.0072907	0.045432	-0.010543	-0.024823	-0.012181	-0.0042313	-0.017429	-0.017723	0.29962	-0.058742	-0.0051442	0.019227	0.00019518	0.0073318	0.0066819	0.0084293	0.00081225	-0.023677	-0.014711	0.051378	-0.0028484	0.000124	0.041409	0.01164	0.0095072	-0.00017747	0.0021266	0.010763	0.0067963	0.022781	0.042678	0.020795	0.00092589	0.012031	0.0042085	0.007178	0.008277	0.0015072	0.005417	0.011755	0.0033285	0.031362	0.00031665	0.023215	0.033155	0.0048048	0.006592	0.050381	0.00085081	0.0055344	0.010464	0.0089688	0.0029028	0.0076496	0.013096	0.0037501	0.016668	0.011489	0.0023014	0.022218	0.041155	0.0047898	0.049012	-0.00038316	0.0039815	0.0041824	0.0021421	0.03163	0.0014293	0.002488	0.061892	-0.0062737	-0.015671	0.0073618	0.013259	0.0095055	0.0029196	0.01095	0.0029134	0.022862	0.0069801	0.0036604	0.032126	0.021414	-0.018825	0.0040174	0.0081428	0.019764	0.0070985	0.038435	0.019372	0.016066	-0.0018715
0.0068918	0.0049554	0.0017312	0.0045986	0.0042607	-0.00049166	0.0036867	0.0007005	0.0037131	0.00093076	0.004008	0.0053466	0.009989	0.0090841	0.0043021	0.0063251	-0.0020744	-0.0024544	-0.002028	-0.0015887	-0.0026515	-0.0098424	-0.0092178	-0.012132	-0.011202	0.0063675	0.0036518	-0.0079836	-0.0035132	-0.0015847	-0.0074298	-0.058742	0.3978	-0.10536	-0.036354	-0.02799	-0.013198	-0.033957	-0.015668	-0.0033882	-0.0033423	-0.00082689	0.0024397	-0.002669	-0.0061501	-0.00011128	-0.0037561	0.0026622	-0.0012807	0.00072895	0.0005909	0.00058196	0.0050971	0.0055822	0.0032022	0.00067224	0.0035124	0.0002961	0.0015259	3.1128e-05	0.0020394	0.0062681	0.0066198	0.0060556	0.004982	0.0024599	0.0035648	0.0031278	0.004396	0.0018527	0.0074694	0.00064746	0.0041	0.0045747	0.0032779	0.00033487	0.0014474	0.0027815	0.00050879	0.0013224	0.0020833	0.0019024	0.0012817	0.0038042	-0.00011752	0.0051882	0.0017678	0.0028962	0.0034403	0.0021671	0.0054631	0.0010713	0.00057861	0.0072783	0.0015994	0.0018226	0.0031155	0.0041738	0.0014107	0.00052308	0.0023497	0.0027936	0.002286	-0.0014362	-0.0029204	0.0025195	0.0042163	-0.0019163	0.0035195	4.0201e-05	-0.0010109	-0.0010148	0.003027	0.005842	0.0016598	0.0013601
0.00679	0.013313	0.0069389	0.0086522	0.0060867	0.0018126	0.0035368	-0.00092594	0.0098456	0.0098535	0.0082991	0.0057668	0.019377	-0.010514	-0.0070314	-0.013429	-0.000607	-0.0064284	-0.001553	-0.00070208	-0.0026014	0.00012191	0.010615	-0.0012251	-0.051909	0.068537	0.020056	-0.005427	-0.0018623	-0.006608	0.0031815	-0.0051442	-0.10536	0.41073	-0.11209	-0.045953	-0.011688	-0.023128	-0.00065057	4.4786e-05	-0.0045533	0.0017224	0.016317	0.00028485	-0.0025401	0.011386	-0.0042274	0.0017505	0.0020387	0.0025286	0.0047115	0.0066011	0.0085796	0.014286	0.0067077	-0.00037279	0.0043788	0.0025006	0.0023545	0.0094358	0.0013118	0.0036594	0.011968	0.0049154	0.011221	0.0030981	0.0051966	0.012538	0.0030697	0.0031998	0.014691	-0.00024601	0.00062351	0.0026835	0.003453	-0.0015035	0.0033509	0.0022402	0.0026212	0.0071824	0.0075377	-0.0012844	0.0096115	0.011466	0.002406	0.014828	-0.00021363	0.00377	0.0027399	0.0015982	0.0098804	0.00060705	0.0021315	0.020452	0.0014636	-0.0024043	0.0041456	0.0058209	0.0056776	0.0014535	0.0023435	0.0023368	0.0053311	-0.0013647	-0.0004058	0.01113	0.0075525	-0.0065396	0.0034026	0.0013296	0.0035703	-0.00046499	0.0061099	0.0016807	0.0036911	9.9316e-05
