0.66831	-0.047388	-0.023559	-0.016601	-0.0087385	-0.0028632	0.0033554	0.014498	0.0076026	-0.0034559	-0.0076964	-0.018449	-0.034661	-0.010146	-0.010283	0.0075565	0.0056266	-0.0012238	0.0062086	0.0020583	0.0090941	0.0050984	0.0086513	-0.00030045	0.0055302	-0.0081536	0.0057467	0.010451	0.0044808	0.0033681	-0.00457	-0.0097226	-0.0029208	0.00024401	0.0020623	0.0069088	0.0075853	0.00366	0.0095115	-0.008464	-0.0070016	-0.0016768	0.0033923	0.0069801	0.0095462	0.0019069	0.012595	0.0062138	0.00046949	0.01158	0.0029353	0.0022098	0.00081587	0.0031666	-0.004066	-0.0055033	-0.04772	-0.042326	-0.044141	-0.022404	-0.018148	-0.00022523	0.011151	0.0059383	0.00031854	0.014999	0.00081958	-0.00053524	0.0021831	-0.0027324	-0.013385	-0.017056	-0.045475	-0.03893	-0.015831	-0.0051557	-0.001782	0.00889	0.013246	0.0068741	0.0096024	0.0013954	0.0055488	0.0021908	0.003803	0.0087463	0.0068096	-0.00038966	0.022064	-0.0036096	0.0048904	-0.00085834	-0.0037598	-0.005834	-0.015045	-0.0097333	0.00059028	-0.0014765	0.01711	0.005123	-0.0043624	0.0046445	0.00050829	0.0084718	0.005347	0.00084383	0.0013796	0.010909	0.0055524	0.0035977	-0.0038413
-0.047388	0.61542	-0.027746	-0.014382	-0.015785	-0.0035964	0.0038235	0.013739	0.008817	-0.011553	-0.0076877	-0.010861	-0.03744	-0.017961	-0.015108	-0.013689	0.0027773	-0.0010985	0.013076	0.0015047	0.00084228	0.0037088	0.014432	0.0087599	0.0072849	-0.01153	0.0063588	0.018656	-0.00083572	0.0018309	-0.0057831	-0.0099696	-0.0072651	3.1292e-05	0.0087161	0.013498	0.01095	0.0050521	0.015485	0.0038362	0.0022146	0.0048728	0.0042407	0.014303	-0.0059191	0.0079205	0.022872	0.011291	-0.0004221	0.017081	0.0014859	0.0054892	0.0032729	0.0047603	0.0026923	-8.6198e-05	-0.021137	-0.038443	-0.012859	-0.00036805	-0.0032084	0.0095146	0.016677	-0.0047325	0.0040514	0.02581	-0.0026792	0.004517	0.0037887	0.010035	-0.0089026	-0.009074	-0.01902	-0.028987	-0.00011504	-0.0011933	0.0025183	0.015737	0.018814	0.003454	0.027461	0.0031773	0.0036039	0.0044014	0.0032169	0.011051	0.009094	0.0013538	0.02848	-0.0071173	0.0046347	0.003615	0.0016015	0.0029525	-0.011492	-0.0086005	-0.0003255	-0.0022093	0.017163	0.013413	-0.011769	-0.0010726	0.007562	0.011331	-0.0005294	0.0068543	0.0026182	0.019466	0.0081298	0.0027821	-0.005264
-0.023559	-0.027746	0.45141	-0.013498	-0.011358	-0.004454	0.003481	0.015228	0.0075839	-0.0049828	-0.0049523	0.0056937	-0.0096094	-0.0032711	-0.0027404	0.00070216	0.0049618	-0.0042845	0.0060086	0.0080811	0.015749	0.0035693	0.017775	0.01201	0.0010845	-0.013093	0.0072931	0.019281	8.3537e-05	0.0043714	0.0079369	-0.0012313	0.0070557	0.001758	0.0059766	0.012991	0.010511	0.0054945	0.020242	0.00046098	0.001606	0.0070652	0.0038249	0.0038618	-0.0027962	0.0051243	0.019862	0.010732	0.001093	0.029327	0.0010949	0.0011418	0.0066226	0.0012815	0.0012443	-0.0041804	-0.0017183	-0.0094966	0.0063062	0.002447	0.0017385	0.017347	0.018143	0.0040522	0.0046967	0.026058	-0.00067411	-0.0012417	0.0040671	0.0032198	0.0072089	-0.0076963	-0.017217	-0.021052	-0.018017	-0.0025888	-0.0063663	0.0063221	0.018985	0.0035237	0.024772	0.00083123	0.00094456	0.0022395	-0.0026484	0.012814	-0.00095054	0.0029798	0.030374	-0.0074131	0.0098862	0.011267	0.00089473	-0.0030497	-0.022346	-0.016245	-0.0072901	0.00072569	0.016189	0.011099	-0.01205	0.0025262	0.0044032	0.0024965	-0.00095091	0.0084075	-0.0080378	0.018088	0.008802	0.003929	-0.0057662
-0.016601	-0.014382	-0.013498	0.38885	-0.0086089	-0.0042	-0.0071774	0.022031	0.016667	-0.011329	-0.003639	0.032744	-0.012776	-0.0033252	-0.006869	0.0042567	0.00017636	-0.0091822	0.013709	0.0082243	0.030325	0.0073772	0.026275	0.0052718	0.0060255	-0.018032	0.015277	0.029916	-0.0024205	0.0046419	0.012211	-0.0025564	0.012023	0.002366	0.012487	0.018514	0.018709	0.0064342	0.031747	0.013213	0.0091907	-0.00013063	0.010611	0.016546	-0.0055916	0.0064332	0.03884	0.016809	-0.0011282	0.035726	-0.0072997	0.0034065	0.0065511	0.0085673	0.0020052	-0.00028276	-0.0024095	-0.0034093	0.031606	0.016533	-0.0039408	0.024111	0.036358	-0.00082766	0.0055399	0.046387	-0.0028154	0.0048717	0.0077311	0.0095747	-0.0059149	-0.0020349	-0.0021799	-0.010141	0.011553	0.011958	0.0032991	0.017439	0.038465	0.0038796	0.035527	-0.00487	0.0071638	0.0030876	0.0026691	0.028085	0.0022526	0.0013367	0.058057	-0.01344	0.0094094	0.003212	-0.0014716	0.010026	-0.010303	-0.00022967	-0.0043094	-0.00090046	0.025396	0.017869	-0.02398	0.0050282	0.0052328	0.013374	-0.0046867	0.021446	-0.0090796	0.042629	0.006532	0.0041069	-0.012724
-0.0087385	-0.015785	-0.011358	-0.0086089	0.44135	-0.008844	-0.01579	0.019503	0.01562	-0.015364	-0.0022401	0.040079	-0.0058966	-0.0019168	-0.0089525	-0.0068932	-0.0030487	-0.010808	0.014893	0.011784	0.036254	0.011407	0.033202	0.011894	0.0039973	-0.025675	0.017135	0.028933	0.0044286	0.0069358	0.018657	0.0018749	0.011123	0.003131	0.0093089	0.021259	0.014542	0.003543	0.044167	0.020845	0.013142	0.0026132	0.0049356	0.021912	-0.00062091	0.0063079	0.042283	0.024754	-0.0034549	0.042035	-0.0020942	0.002833	0.008293	0.010348	-0.00099172	0.0027343	0.0023254	0.00023143	0.03901	0.015821	0.0058496	0.026359	0.039988	0.0018356	0.0038346	0.051999	-0.0080274	0.003661	0.0084549	0.011529	-0.0030526	0.0056573	-0.0035452	-0.0076552	0.015769	0.014872	-0.003018	0.028508	0.044311	0.0080787	0.043504	-0.0037184	0.0065806	0.0061267	0.005308	0.03218	0.0024323	0.0025147	0.063016	-0.01873	0.0072014	0.010062	-0.0050381	0.004107	-0.0075029	0.0085861	-0.0084612	-0.001345	0.03938	0.021712	-0.024321	0.007228	0.00044083	0.0017771	-0.009682	0.025662	-0.016089	0.034264	0.0045931	0.0058313	-0.010983
-0.0028632	-0.0035964	-0.004454	-0.0042	-0.008844	0.34183	-0.021233	0.0037681	-0.0049915	-0.0073331	-0.0044983	0.016441	0.0024291	0.001118	-0.0076524	-0.0099184	-0.0050904	-0.0065545	0.0085067	0.0026594	0.017388	0.00059247	0.01631	0.0079669	0.0033279	-0.014297	0.0097694	0.019792	0.00193	0.0053279	0.011227	0.00050793	0.0041303	0.0012041	0.0085133	0.012543	0.014809	0.0023629	0.026058	0.012071	0.0047431	0.0019507	0.0057672	0.012868	-0.0029163	0.003994	0.02103	0.010303	-0.00052654	0.023935	-0.001159	0.0058364	0.004138	0.0062402	0.0026596	0.0039777	0.0061019	0.0018093	0.025175	0.011271	5.8703e-05	0.011897	0.019622	-0.00047264	0.0045022	0.031053	-0.0024968	0.00033289	0.0048402	0.0095181	0.0089922	0.0008326	0.0011466	-0.0040209	0.0075238	0.0058382	-0.0012677	0.013939	0.024352	0.0027644	0.026101	0.00062239	0.0032225	0.0069801	0.0038588	0.019313	0.00099482	0.0022336	0.035339	-0.0091028	0.00823	0.0041324	-0.003506	0.0064054	-0.0020641	0.0011881	-0.0024274	-0.0012454	0.013562	0.010049	-0.013471	0.0040842	-0.0008158	-0.001173	-0.0078905	0.015094	-0.0084547	0.0123	-0.005161	-0.0014917	-0.009148
0.0033554	0.0038235	0.003481	-0.0071774	-0.01579	-0.021233	0.50858	-0.01528	-0.025252	-0.019077	-0.0071241	0.035977	0.0036211	0.0025583	-0.011218	-0.024485	-0.012806	-0.0148	0.0093128	0.0037931	0.02882	0.0091691	0.028604	0.010056	0.0017915	-0.021915	0.012197	0.022101	0.0017138	0.0086071	0.017835	0.0060059	0.012974	0.0016035	0.012979	0.016889	0.01387	0.00049053	0.032628	0.01616	0.0098244	0.0042271	0.0059057	0.010492	-0.00017652	0.0033656	0.036708	0.01578	0.0015854	0.033421	-0.0039975	0.0041996	0.0072823	0.0088673	-0.0028779	0.0017784	0.0091297	0.0081067	0.038688	0.0076503	0.0013775	0.022256	0.029175	0.0042996	0.0023989	0.041203	-0.0063559	0.0024258	0.005568	0.0084302	0.0064889	0.0074083	0.0099549	0.0073478	0.01639	0.0055113	-0.00056517	0.013893	0.028225	0.0067789	0.035203	0.001247	0.0078977	0.0063736	0.00017807	0.030883	0.00081148	0.0029968	0.051877	-0.011182	0.013897	0.0070442	0.0048484	0.0052209	-0.0011588	0.0060631	-0.0020482	-0.0027416	0.03154	0.016171	-0.01435	0.0027071	-0.0067967	-0.017486	-0.015945	0.013371	-0.026394	-0.0049532	-0.027858	-0.017889	-0.019402
0.014498	0.013739	0.015228	0.022031	0.019503	0.0037681	-0.01528	0.49615	0.098781	-0.0054788	0.014672	0.23686	0.012387	0.027866	0.012749	0.016437	-0.027544	-0.055961	0.038775	0.060225	0.15908	0.040246	0.10795	0.042488	0.010648	-0.099826	0.065897	0.12577	-0.0023924	0.036981	0.080598	0.010423	0.041509	0.0063141	0.035777	0.083017	0.08339	-0.0027645	0.16802	0.063005	0.046739	0.0037249	0.027263	0.073799	-0.014617	0.023362	0.17233	0.078701	0.0012217	0.16788	-0.025396	0.015697	0.028413	0.035513	0.0038806	0.0075264	0.015635	0.0084241	0.18902	0.069732	0.0033018	0.10662	0.14335	-0.0013109	0.019386	0.2065	-0.023432	0.011817	0.029648	0.032719	0.013431	0.0048278	0.014838	0.0060572	0.080451	0.048891	0.0019349	0.089701	0.16018	0.018621	0.17716	-0.013517	0.026787	0.013083	0.0096685	0.14135	0.0061453	0.0097347	0.25506	-0.083072	0.038757	0.033945	0.012656	0.050018	0.013766	0.090984	0.016789	0.0043487	0.13457	0.078475	-0.10042	0.020215	0.019946	0.043208	0.0076293	0.15796	0.0037572	0.19716	0.0046896	0.0035215	-0.060729
0.0076026	0.008817	0.0075839	0.016667	0.01562	-0.0049915	-0.025252	0.098781	0.72355	-0.016947	0.0053914	0.27422	0.010499	0.027771	-0.0094264	-0.00082434	-0.028806	-0.058207	0.054698	0.060358	0.18166	0.040392	0.12975	0.047286	0.01662	-0.1223	0.079598	0.15292	0.0026423	0.036136	0.096854	0.013033	0.049847	0.0056618	0.044767	0.097282	0.097904	-0.0044414	0.1981	0.074069	0.055538	0.0099216	0.025773	0.087629	-0.014215	0.025727	0.20421	0.092729	0.00023662	0.1954	-0.020747	0.018899	0.033086	0.041149	0.0087166	0.011588	0.019907	0.0083878	0.22922	0.081229	0.0016616	0.11489	0.17881	0.0023153	0.021117	0.24526	-0.03105	0.015626	0.038137	0.041	0.0085406	0.012343	0.017589	0.0063521	0.095074	0.054557	0.0031389	0.10598	0.1889	0.019985	0.2103	-0.012181	0.031038	0.021448	0.010672	0.17184	0.0065638	0.009088	0.29661	-0.10184	0.051217	0.039269	0.011316	0.052316	0.010834	0.10732	0.012111	0.0085351	0.16876	0.093509	-0.11793	0.022424	0.024443	0.048731	0.009499	0.18266	0.0024797	0.22817	0.024719	0.012562	-0.063357
-0.0034559	-0.011553	-0.0049828	-0.011329	-0.015364	-0.0073331	-0.019077	-0.0054788	-0.016947	0.40163	-0.0095253	-2.4636e-05	-0.0063996	-0.0081885	-0.012936	-0.03524	-0.0069151	-0.0051562	0.0073818	-0.01438	-0.0018322	-0.0043925	0.002636	-0.0029786	0.0056537	-0.0074729	0.007518	0.013956	0.0008455	-0.0022199	0.0013041	-0.002531	0.0062861	0.0011557	0.0028976	0.0083753	0.0090558	0.00019502	0.0099464	0.0087007	0.0078564	0.00096778	0.0017942	0.0084962	-0.001438	0.0038532	0.017617	0.0090652	-0.00085697	0.01378	-0.0033397	0.0035504	0.0018875	0.0078722	-0.00013987	0.0023691	0.0030569	0.0018672	0.012919	0.010132	-0.003143	0.012407	0.011207	-8.5895e-05	0.00253	0.017542	0.0020306	0.0045783	0.0013678	0.002015	0.0063119	-0.00028359	0.0014791	-0.0032927	0.010257	0.0076023	-0.0026549	0.010191	0.0092472	0.0060946	0.01132	0.0013334	0.0054728	0.00378	0.0039521	0.012178	0.0061652	-0.00011284	0.019227	0.0042163	0.0028112	-0.0022062	0.0030569	0.0025494	0.00061489	0.0025315	0.0016491	-0.0011314	0.0085635	0.0060396	-0.0076681	0.0009147	0.0058462	0.0086984	-0.0074305	0.0040684	-0.016109	0.0071202	-0.0030622	-0.00088027	-0.0035661
-0.0076964	-0.0076877	-0.0049523	-0.003639	-0.0022401	-0.0044983	-0.0071241	0.014672	0.0053914	-0.0095253	0.32773	0.017455	-0.0082155	-0.0052	-0.010965	-0.01546	-0.0015112	-0.0066755	0.010426	0.00084226	0.012901	0.0024241	0.015484	0.0071176	0.0020525	-0.014746	0.011952	0.021926	-0.0025317	0.0021866	0.0071865	0.0010859	0.0033446	0.00018366	0.0077865	0.014924	0.013759	0.00083244	0.028972	0.0096801	0.0076346	-0.00036643	0.0053791	0.010516	0.0015798	0.0049824	0.026249	0.012683	0.00091361	0.027616	0.00048763	0.0033087	0.0052635	0.0024553	0.0048813	-6.6217e-05	-0.0034529	-0.0044204	0.023451	0.008146	0.0052658	0.014824	0.022033	0.001272	0.0026996	0.031006	-0.0041541	0.0037206	0.0062199	0.0042348	0.0075395	0.0028045	-0.0023076	-0.0046242	0.0087082	0.0083641	0.0025754	0.016277	0.023948	0.0016689	0.031142	-0.00016356	0.0059968	0.0038799	0.0020666	0.021959	-0.0011125	0.0008458	0.036161	-0.0084694	0.0082607	0.0050545	0.001399	0.004044	-0.0026264	0.0058135	-0.00081597	0.0022264	0.023988	0.011574	-0.01041	0.00082965	0.0066195	0.0032504	-0.0023127	0.021691	-0.00021336	0.025865	0.0058583	0.0035569	-0.0079186
-0.018449	-0.010861	0.0056937	0.032744	0.040079	0.016441	0.035977	0.23686	0.27422	-2.4636e-05	0.017455	1.0749	-0.0067943	0.037346	-0.00045714	0.05983	-0.0064088	-0.083203	0.10723	0.1391	0.31687	0.084073	0.24444	0.08648	0.030706	-0.20616	0.12906	0.2519	0.0018943	0.059703	0.15576	0.0090803	0.069175	0.0097302	0.077215	0.15955	0.17319	-0.012212	0.32437	0.10814	0.07013	0.016883	0.044996	0.147	-0.027847	0.045493	0.33766	0.15544	-0.00064423	0.3341	-0.047035	0.028567	0.049191	0.070547	0.0068046	0.0089666	0.025314	-0.012247	0.3678	0.12735	0.008512	0.20681	0.2986	0.007962	0.036792	0.40752	-0.053889	0.024057	0.059369	0.060208	0.034213	0.012309	0.0094996	-0.012497	0.14842	0.088002	-0.003396	0.17068	0.31865	0.038434	0.35926	-0.031914	0.055314	0.033312	0.015311	0.27234	0.0013317	0.018276	0.50492	-0.18045	0.085187	0.076115	0.020773	0.082443	0.0051453	0.16773	0.025899	0.015812	0.2709	0.14659	-0.19524	0.037534	0.043538	0.08765	0.023089	0.31353	0.022837	0.42059	0.071054	0.032493	-0.095353
-0.034661	-0.03744	-0.0096094	-0.012776	-0.0058966	0.0024291	0.0036211	0.012387	0.010499	-0.0063996	-0.0082155	-0.0067943	0.55334	-0.019578	-0.022906	-0.0149	0.0059533	-0.0022611	0.0095144	-0.0027541	-0.0036127	-0.0024707	0.014886	0.002748	0.0075743	-0.0088095	0.009074	0.016296	-0.0097574	-0.0061666	-0.018098	-0.022495	-0.015313	0.00060746	0.0027155	0.010432	0.010327	0.0011476	0.011058	-0.013965	-0.004737	0.0027171	0.0064343	0.0088611	0.0014221	6.3587e-05	0.018958	0.0091771	0.0012847	0.020163	-0.0015549	0.0018714	0.0062087	0.0062245	-0.0036406	-0.0051241	-0.03532	-0.048362	-0.0089107	-0.00077208	0.0016043	0.008025	0.017222	0.0033606	0.0017245	0.02449	0.00041903	0.0013105	0.0016698	0.00090636	0.0078165	-0.00061975	-0.0046544	-0.012336	0.010473	0.0029801	0.0044028	0.015564	0.02169	0.0038593	0.016256	0.0033143	0.00055594	0.0021759	0.0059829	0.012238	0.0069939	0.0061605	0.026455	-0.0077396	0.0012864	0.0027305	0.0047032	0.0055744	-0.00062755	0.0071563	0.0021799	0.0050099	0.010197	0.0071565	-0.0087386	-0.0015721	0.0070382	0.0062957	0.0053112	0.012086	0.0016289	0.022011	0.0038625	0.0056647	-0.0023492
-0.010146	-0.017961	-0.0032711	-0.0033252	-0.0019168	0.001118	0.0025583	0.027866	0.027771	-0.0081885	-0.0052	0.037346	-0.019578	0.38113	-0.010801	-0.0072086	-4.6662e-05	-0.0089258	0.016325	0.0027085	0.024496	0.0003078	0.030082	0.011716	0.0042901	-0.020826	0.016173	0.030822	-0.0045128	0.00083154	0.0017677	-0.010568	0.0057013	-8.8257e-05	0.010676	0.020844	0.017476	-0.0015307	0.037526	0.0073189	0.011757	0.0021301	0.0084157	0.017962	-0.0026416	0.0057623	0.043539	0.021626	-0.0015356	0.041972	-0.0030393	0.0036649	0.0093369	0.010275	0.0018182	0.0035086	-0.0059692	-0.014847	0.036334	0.015144	0.0011249	0.020591	0.036129	0.00038031	0.0048	0.052706	-0.0058784	0.0060953	0.0098492	0.0076096	0.0052388	0.000804	0.0025037	-0.0023375	0.017572	0.014315	0.00068974	0.021924	0.039968	0.007106	0.042975	-0.0013408	0.010207	0.005055	0.0030161	0.032758	0.0022777	0.0024525	0.060088	-0.016444	0.010587	0.0062769	0.0025753	0.01363	0.0037796	0.018066	0.0036335	0.0037946	0.035602	0.019024	-0.022043	0.0053907	0.0080563	0.01592	0.0030025	0.034632	0.00064915	0.048615	0.0098228	0.0040763	-0.011477
-0.010283	-0.015108	-0.0027404	-0.006869	-0.0089525	-0.0076524	-0.011218	0.012749	-0.0094264	-0.012936	-0.010965	-0.00045714	-0.022906	-0.010801	0.47583	-0.035626	-0.0021945	-0.0069625	0.010305	-0.029322	-0.0064549	-0.015137	0.00049785	-0.0038403	0.0073409	-0.011641	0.0066774	0.011227	-0.003401	-0.0043365	-0.013891	-0.0084211	-0.0013585	0.0006469	0.0059541	0.013454	0.0070867	0.0014115	0.020444	0.0054792	0.0064481	0.0017144	0.0037966	0.0067678	0.0069041	0.0035209	0.020197	0.0083216	-0.00052092	0.016383	0.0019367	0.0021815	0.008104	0.0043309	0.0036263	0.00011373	-0.0096932	-0.0099811	0.017611	0.012502	0.0061626	0.0048792	0.016491	0.0041952	0.0043471	0.027171	-0.0036724	0.0032791	0.0046591	0.0053831	0.003197	0.0081948	0.0030308	0.00011768	0.012157	0.0076606	-0.00042399	0.013359	0.020075	0.00060945	0.021354	0.00048004	0.0069069	0.0046431	-0.0002673	0.01273	0.0042312	0.0047085	0.023762	-0.0033041	0.0048078	0.0048914	0.00050946	0.0041262	0.0039786	0.0053669	0.00039449	0.0036032	0.023899	0.010573	-0.011188	0.0063199	0.0047994	0.010648	-0.00051991	0.012727	-0.000551	0.014279	0.0035121	0.005044	-0.00096419
0.0075565	-0.013689	0.00070216	0.0042567	-0.0068932	-0.0099184	-0.024485	0.016437	-0.00082434	-0.03524	-0.01546	0.05983	-0.0149	-0.0072086	-0.035626	0.72292	-0.020076	-0.024034	0.013022	-0.050129	0.023747	-0.020079	0.0081552	0.00074946	0.012343	-0.039321	0.028396	0.052719	-0.0094835	0.0047811	0.016444	-0.0023644	0.013687	0.0030287	0.01959	0.037639	0.031492	0.0020168	0.06716	0.030671	0.017034	0.0010041	0.014453	0.0317	-0.00089215	0.013874	0.072314	0.031475	-0.001537	0.067676	-0.0067731	0.0076117	0.013007	0.019829	0.0016004	0.003452	0.012884	0.0025439	0.081838	0.037384	0.0095152	0.042841	0.063415	0.0020239	0.0087612	0.086958	-0.0092046	0.0060897	0.012543	0.0088069	0.0003996	0.0074308	0.010852	-0.001936	0.044467	0.020702	0.001729	0.041481	0.062584	0.01096	0.075185	-0.0026202	0.01212	0.0041767	0.0034363	0.06206	0.0013031	0.007887	0.10543	-0.033337	0.019397	0.015908	0.0054947	0.02288	0.0046722	0.031357	0.0032728	0.008424	0.062495	0.034352	-0.043708	0.0080544	0.015829	0.024478	0.0073858	0.057329	-0.0039465	0.068274	0.0044034	0.012174	-0.016714
0.0056266	0.0027773	0.0049618	0.00017636	-0.0030487	-0.0050904	-0.012806	-0.027544	-0.028806	-0.0069151	-0.0015112	-0.0064088	0.0059533	-4.6662e-05	-0.0021945	-0.020076	0.35621	-0.042243	-0.07988	-0.023112	-0.011558	-0.016509	-0.034293	-0.02142	-0.0047901	0.012014	0.0024576	-0.0041087	-0.00063189	-0.00088298	0.001028	0.0027968	0.0051438	0.00055271	0.0056704	0.0017422	-0.00028528	0.0040462	-0.0057911	-0.00045822	-0.00039138	0.0037652	0.00033798	-0.002299	0.0034832	0.0018451	-0.0053329	-0.00095853	0.00046065	-0.0038288	0.00065515	0.001179	-0.0032172	-0.0014943	0.0013973	0.0023359	-0.00019012	0.0035012	-0.0054389	0.0018995	0.0017948	-0.0031746	-0.0018906	0.00047375	-0.0011511	-0.0028423	-0.00021405	0.00015557	0.00078345	-0.0025921	-0.0022575	0.001696	0.0021461	0.0019865	-0.00013008	-0.0016565	0.0006978	-0.0046289	-0.0037965	-0.0026255	-0.0046263	0.0050388	0.0013916	0.0012817	0.0030572	-0.0067875	0.0033023	0.0020733	-0.0084665	0.0060059	-0.0021296	-0.0023555	0.0022409	0.0017399	-0.0021919	-0.0021109	-5.0441e-05	0.0011481	-0.0019161	0.0020432	-0.0016019	-0.00046398	0.0038551	-0.0016064	-0.0016219	-0.0031189	-0.00053247	-0.01598	-0.011025	-0.014971	-0.030634
-0.0012238	-0.0010985	-0.0042845	-0.0091822	-0.010808	-0.0065545	-0.0148	-0.055961	-0.058207	-0.0051562	-0.0066755	-0.083203	-0.0022611	-0.0089258	-0.0069625	-0.024034	-0.042243	0.30462	-0.03904	-0.031458	-0.060118	-0.015223	-0.04033	-0.0096405	0.0013659	-0.04418	-0.023118	-0.043408	-0.0002964	-0.013001	-0.031535	-0.0014854	-0.019106	-0.0024186	-0.016446	-0.030954	-0.028244	0.00041689	-0.057703	-0.021957	-0.013437	-0.0037415	-0.0093235	-0.027303	0.0037334	-0.0098573	-0.059658	-0.026437	0.00061218	-0.059684	0.008169	-0.0063817	-0.0089371	-0.011746	-0.0013732	-0.0036808	-0.0042178	-0.0016314	-0.066434	-0.025326	0.0021413	-0.034494	-0.051458	0.00055167	-0.0071864	-0.073596	0.0081124	-0.004852	-0.0097895	-0.010539	-0.0060926	0.00064888	-0.0057312	-0.00048355	-0.026052	-0.016888	-0.0002278	-0.030276	-0.054658	-0.0053811	-0.064265	0.0043473	-0.0093365	-0.0041121	-0.0013928	-0.046657	-0.00073955	-0.0023651	-0.08812	0.027258	-0.014177	-0.010736	-0.0031492	-0.017881	-0.0033731	-0.031911	-0.004859	-0.00096355	-0.042809	-0.029875	0.020257	-0.016631	-0.0099393	-0.020101	-0.0055541	-0.056169	-0.0054773	-0.078532	-0.014713	-0.01169	-0.020029
0.0062086	0.013076	0.0060086	0.013709	0.014893	0.0085067	0.0093128	0.038775	0.054698	0.0073818	0.010426	0.10723	0.0095144	0.016325	0.010305	0.013022	-0.07988	-0.03904	0.33487	0.011026	0.066316	-0.0093813	-0.016431	-0.04553	0.0046801	-0.04452	0.033011	0.054486	-0.0034259	0.010775	0.036733	0.0068295	0.020352	0.0023848	0.023374	0.038097	0.041378	-0.0001568	0.07287	0.025264	0.018714	0.0041137	0.011142	0.030619	-0.0060298	0.0095805	0.072782	0.032344	0.0023236	0.070445	-0.00877	0.0071849	0.012047	0.014366	0.0040666	0.0042418	0.0078056	0.0080055	0.079436	0.023723	0.00094728	0.045864	0.062921	0.0026154	0.0077894	0.087572	-0.012042	0.0054068	0.012304	0.017258	0.0014975	0.0049783	0.0045539	0.0017248	0.031104	0.02254	0.00020282	0.040191	0.065754	0.0083601	0.074761	-0.01031	0.0087367	0.0075246	0.0029029	0.061434	-7.2104e-05	0.0023123	0.1024	-0.036879	0.016601	0.016887	0.0043289	0.0213	0.007536	0.040278	0.0078007	0.0030759	0.065335	0.030972	-0.044552	0.0065089	0.0079297	0.019515	0.009851	0.07046	0.0087899	0.094633	0.013843	0.0023467	-0.027878
0.0020583	0.0015047	0.0080811	0.0082243	0.011784	0.0026594	0.0037931	0.060225	0.060358	-0.01438	0.00084226	0.1391	-0.0027541	0.0027085	-0.029322	-0.050129	-0.023112	-0.031458	0.011026	0.69493	0.050817	-0.019981	0.00049931	0.0010554	0.006137	-0.056146	0.035056	0.063786	-0.017706	0.0010593	0.024409	-0.0023066	0.014387	0.0018991	0.021458	0.046281	0.051258	-0.0018938	0.099772	0.036094	0.025539	0.0084442	0.011881	0.050882	-0.0064694	0.016519	0.10657	0.048183	0.00047109	0.10719	-0.016878	0.010994	0.015839	0.024157	0.0056009	0.0068962	0.011887	-0.0020853	0.1186	0.051542	-0.0024373	0.06374	0.090611	0.002924	0.013238	0.12936	-0.017694	0.0093807	0.016276	0.020056	0.0060801	0.0076182	0.01761	0.0040284	0.052316	0.037584	0.0039024	0.057627	0.098131	0.013357	0.11302	-0.0053262	0.014914	0.011083	0.0018357	0.085931	0.0024719	0.003652	0.15726	-0.052088	0.030899	0.022294	0.0064327	0.030092	0.0093533	0.059328	0.016809	0.0052797	0.086995	0.048989	-0.062399	0.010607	0.014575	0.028082	0.0078249	0.10028	0.007104	0.12483	0.02496	0.013228	-0.02777
0.0090941	0.00084228	0.015749	0.030325	0.036254	0.017388	0.02882	0.15908	0.18166	-0.0018322	0.012901	0.31687	-0.0036127	0.024496	-0.0064549	0.023747	-0.011558	-0.060118	0.066316	0.050817	0.76814	0.030293	0.1279	0.045156	0.024153	-0.13654	0.08185	0.15437	-0.012342	0.023167	0.081542	-0.0045476	0.029051	0.0049725	0.043981	0.10429	0.10626	-0.0075812	0.2176	0.070258	0.055631	0.002421	0.030944	0.097887	-0.015909	0.032692	0.22661	0.10786	0.00044986	0.22728	-0.026288	0.019398	0.038157	0.049357	0.0048806	0.0077063	0.012232	-0.006796	0.25831	0.092625	0.0049644	0.13223	0.20706	0.0011847	0.023525	0.2745	-0.035772	0.016822	0.042346	0.041858	0.010624	0.011009	0.022211	0.0060186	0.1038	0.069445	-0.00085653	0.12953	0.2122	0.023745	0.24315	-0.020083	0.037801	0.019453	0.010654	0.18962	0.0022705	0.011459	0.33734	-0.12022	0.055627	0.047892	0.011015	0.060774	0.0213	0.12579	0.021111	0.010469	0.1855	0.10398	-0.13453	0.02824	0.030407	0.06542	0.01905	0.21406	0.014928	0.29108	0.042823	0.023466	-0.065649
0.0050984	0.0037088	0.0035693	0.0073772	0.011407	0.00059247	0.0091691	0.040246	0.040392	-0.0043925	0.0024241	0.084073	-0.0024707	0.0003078	-0.015137	-0.020079	-0.016509	-0.015223	-0.0093813	-0.019981	0.030293	0.5403	-0.027342	-0.0017534	-0.0012026	-0.04194	0.0096372	0.011827	-0.021374	-0.0077325	0.015321	-0.00077715	-0.006669	0.0010624	0.003102	0.023365	0.028247	-0.0029182	0.049612	0.01855	0.01776	0.0067655	0.0098933	0.026245	0.0039937	0.0079366	0.061506	0.027412	-0.00061786	0.063908	-0.0097682	0.0048454	0.012017	0.018213	0.0036607	0.00343	0.0086995	-0.00099293	0.065388	0.031954	0.0033296	0.036371	0.053054	-0.00083389	0.007415	0.077018	-0.0092864	0.0040525	0.010814	0.012007	0.0042646	0.0029875	0.011334	0.010308	0.029801	0.023799	0.00052894	0.03075	0.056093	0.01348	0.065399	-0.0052088	0.0080831	0.0029821	0.0020635	0.053089	0.0048575	0.0055682	0.091936	-0.02931	0.015913	0.015673	0.0057421	0.019329	0.0057842	0.036832	0.008481	0.0032631	0.046757	0.02678	-0.035091	0.0050337	0.0069556	0.012774	0.0063608	0.055939	0.0020314	0.075242	0.012263	0.0072529	-0.015213
0.0086513	0.014432	0.017775	0.026275	0.033202	0.01631	0.028604	0.10795	0.12975	0.002636	0.015484	0.24444	0.014886	0.030082	0.00049785	0.0081552	-0.034293	-0.04033	-0.016431	0.00049931	0.1279	-0.027342	0.79902	-0.027246	-0.01032	-0.1066	0.010504	0.072717	-0.032214	0.012897	0.067952	0.0015453	0.024056	0.0049071	0.023724	0.067277	0.08246	-0.0021644	0.15925	0.062783	0.044247	0.0043493	0.028777	0.070183	-0.018059	0.019607	0.16847	0.076726	-0.00010027	0.16677	-0.021957	0.013911	0.025135	0.031961	0.007892	0.0066861	0.020695	0.012459	0.19047	0.065252	0.0057751	0.10406	0.15154	-7.301e-05	0.024216	0.20219	-0.025433	0.011292	0.033877	0.034842	0.014578	0.009596	0.013548	0.011589	0.074057	0.048205	-0.00034402	0.08488	0.15403	0.013578	0.17752	-0.014144	0.029869	0.021763	0.0089236	0.14022	0.00044144	0.0093777	0.24503	-0.084429	0.044036	0.043536	0.010946	0.043835	0.0094588	0.096012	0.015036	0.010395	0.13244	0.070174	-0.0977	0.015735	0.011835	0.030883	0.018296	0.16328	0.023326	0.20489	0.034794	0.020442	-0.050811
-0.00030045	0.0087599	0.01201	0.0052718	0.011894	0.0079669	0.010056	0.042488	0.047286	-0.0029786	0.0071176	0.08648	0.002748	0.011716	-0.0038403	0.00074946	-0.02142	-0.0096405	-0.04553	0.0010554	0.045156	-0.0017534	-0.027246	0.5372	-0.094788	-0.082175	-0.048223	0.031982	0.002852	0.0082487	0.023944	0.0045776	0.010962	0.0013982	-0.0043761	0.016581	0.0029064	-0.015791	0.060428	0.035253	0.017838	-0.001239	0.0083607	0.028808	-0.0048579	0.0085864	0.061642	0.041009	-0.0027797	0.055496	-0.0061692	0.0089145	0.012968	0.018657	-0.0047251	0.0028239	0.0085194	0.006596	0.062748	0.022929	0.0041256	0.030107	0.05165	-0.00039989	0.0031456	0.06999	-0.0043956	0.010214	0.0045565	0.0072948	-0.0022483	0.0046723	0.0081688	0.0044351	0.03759	0.0089815	-0.00074996	0.038608	0.063151	0.0092843	0.049504	-0.0071024	0.01549	0.0027772	0.0059274	0.043194	0.012186	-0.00056826	0.094256	-0.02518	0.0084085	-0.013066	0.00038302	0.013897	0.0078217	0.03553	0.014016	0.0078197	0.030385	0.017537	-0.033969	0.0013954	0.0018562	0.031342	0.0094558	0.053538	0.0089348	0.074569	0.0021412	0.0012121	-0.019374
0.0055302	0.0072849	0.0010845	0.0060255	0.0039973	0.0033279	0.0017915	0.010648	0.01662	0.0056537	0.0020525	0.030706	0.0075743	0.0042901	0.0073409	0.012343	-0.0047901	0.0013659	0.0046801	0.006137	0.024153	-0.0012026	-0.01032	-0.094788	0.3619	-0.12886	-0.024302	0.0013125	-0.0060175	0.003539	0.01162	0.0046363	0.0034245	-0.00078336	0.007488	0.01025	0.017611	0.0028472	0.019378	0.0042747	0.0047555	0.0025308	0.0042154	0.0077383	-0.0031295	0.0025964	0.020862	0.0054062	0.00075713	0.018021	-0.0010582	0.0006765	0.0023149	0.0045572	0.0023682	0.00087913	0.00019785	0.00038583	0.025186	0.0084294	0.0033548	0.016895	0.019787	0.0019024	0.0031925	0.026591	-0.0052628	-3.0931e-06	0.0066813	0.007417	-0.0036604	-3.253e-05	-0.0017643	-0.001654	0.0066984	0.0061005	0.0016528	0.0093177	0.019055	0.0030714	0.024381	-0.0045115	0.0002449	0.0029926	0.0013439	0.02144	-0.0020455	0.0022329	0.028304	-0.012468	0.0058069	0.010903	-0.00093065	0.0079386	0.00057642	0.013996	0.00059856	-0.00021655	0.023621	0.0093109	-0.01683	-0.00098797	-0.00022263	0.00057165	-0.0013801	0.02186	0.0020375	0.02735	0.0077033	-0.0018596	-0.019441
-0.0081536	-0.01153	-0.013093	-0.018032	-0.025675	-0.014297	-0.021915	-0.099826	-0.1223	-0.0074729	-0.014746	-0.20616	-0.0088095	-0.020826	-0.011641	-0.039321	0.012014	-0.04418	-0.04452	-0.056146	-0.13654	-0.04194	-0.1066	-0.082175	-0.12886	0.48121	-0.083739	-0.11789	-0.00011849	-0.028871	-0.065574	-0.0075347	-0.026173	-0.004196	-0.036631	-0.078465	-0.071692	0.0045114	-0.13909	-0.048201	-0.029622	-0.0043275	-0.024446	-0.065601	0.0029126	-0.020177	-0.14142	-0.065316	0.001821	-0.14647	0.016595	-0.011571	-0.019952	-0.029101	0.00086221	-0.0036196	-0.0074313	0.0012092	-0.16273	-0.057443	-0.0056135	-0.084821	-0.12492	0.0017731	-0.015116	-0.17103	0.023202	-0.0096209	-0.024815	-0.025568	-0.0018034	-0.0021802	-0.012482	-0.0038315	-0.062497	-0.033862	0.00091483	-0.072061	-0.13389	-0.017381	-0.15142	0.0041042	-0.018418	-0.013528	-0.0077223	-0.11993	0.00012419	-0.0051863	-0.22024	0.058461	-0.036426	-0.024734	-0.0040857	-0.040933	-0.0057011	-0.078838	-0.01795	-0.0069556	-0.10422	-0.064184	0.081482	-0.016122	-0.022435	-0.045232	-0.011267	-0.13389	-0.014511	-0.18642	-0.03095	-0.0052554	0.041466
0.0057467	0.0063588	0.0072931	0.015277	0.017135	0.0097694	0.012197	0.065897	0.079598	0.007518	0.011952	0.12906	0.009074	0.016173	0.0066774	0.028396	0.0024576	-0.023118	0.033011	0.035056	0.08185	0.0096372	0.010504	-0.048223	-0.024302	-0.083739	0.34381	0.066146	-0.0060125	0.014488	0.042021	0.0043119	0.015178	0.0015931	0.013219	0.028576	0.04068	-0.0037294	0.081768	0.02772	0.021311	-0.0014808	0.0090566	0.032289	-0.013023	0.0082815	0.08878	0.039174	-0.00048884	0.082597	-0.011383	0.0096468	0.015762	0.01871	0.0043036	0.0048822	0.0068873	0.0032002	0.099576	0.037041	0.0016702	0.053181	0.079036	0.0034148	0.01	0.10866	-0.013567	0.0085138	0.017883	0.016584	0.0081022	0.0089584	0.0075443	0.0037926	0.0387	0.027255	0.0022168	0.04896	0.085051	0.010765	0.09276	-0.0079576	0.01188	0.010049	0.0050848	0.075714	-0.0011314	0.004881	0.12547	-0.050526	0.023236	0.021278	0.0086933	0.022654	0.0065036	0.047841	0.0099791	0.0034121	0.071058	0.038571	-0.052751	0.0069459	0.0061753	0.02428	0.006459	0.085152	0.0093671	0.11277	0.021655	0.007616	-0.022873
0.010451	0.018656	0.019281	0.029916	0.028933	0.019792	0.022101	0.12577	0.15292	0.013956	0.021926	0.2519	0.016296	0.030822	0.011227	0.052719	-0.0041087	-0.043408	0.054486	0.063786	0.15437	0.011827	0.072717	0.031982	0.0013125	-0.11789	0.066146	0.50855	-0.028856	0.017126	0.072397	0.0052913	0.021345	0.0028201	-0.012134	0.041189	0.071831	-0.019605	0.16173	0.058027	0.044839	-0.0016938	0.02178	0.072122	-0.015666	0.024903	0.17252	0.080504	-1.6774e-05	0.16569	-0.018419	0.014428	0.030481	0.035501	0.0049937	0.010266	0.016648	0.0078191	0.19345	0.071216	0.0005215	0.10158	0.1515	0.0037994	0.020619	0.20908	-0.02634	0.014838	0.03312	0.038169	0.010002	0.010944	0.012039	0.0047264	0.077171	0.050148	0.0024814	0.094875	0.16327	0.016251	0.18101	-0.01644	0.027088	0.017129	0.0090506	0.14029	0.0043035	0.008189	0.25139	-0.085342	0.039611	0.036607	0.013233	0.047381	0.0099806	0.097143	0.022772	0.0047845	0.13562	0.07348	-0.10095	0.017021	0.021553	0.041356	0.016115	0.16347	0.01957	0.21977	0.039074	0.013781	-0.049196
0.0044808	-0.00083572	8.3537e-05	-0.0024205	0.0044286	0.00193	0.0017138	-0.0023924	0.0026423	0.0008455	-0.0025317	0.0018943	-0.0097574	-0.0045128	-0.003401	-0.0094835	-0.00063189	-0.0002964	-0.0034259	-0.017706	-0.012342	-0.021374	-0.032214	0.002852	-0.0060175	-0.00011849	-0.0060125	-0.028856	0.38612	-0.01626	-0.015057	-0.011289	-0.01956	-0.0017343	-0.023226	-0.010624	-0.0045807	-0.010715	-0.0061549	-0.006813	-0.0023083	-0.0055836	0.00027884	0.00096789	0.0025276	-0.0016229	-0.0013419	0.0012458	-0.0018037	0.0040358	-0.0007462	0.0014851	0.0015941	0.0046689	0.0056349	0.00090002	0.0010203	-0.0022683	0.0037673	0.0049996	-0.0010197	0.0015243	0.0030247	0.0020325	0.0020726	0.004794	0.0013851	0.0027223	0.0026355	-0.00048654	-0.00094726	0.00094713	0.0040206	-0.0023382	0.0033507	0.0025164	0.0047746	0.0045053	0.007791	-0.0013743	0.0038788	-3.3855e-05	0.0010175	0.00054764	0.0033439	0.0028768	0.0034097	-0.00066957	0.0068842	0.001651	0.0047812	0.0043981	0.0020445	0.0030785	0.0038306	0.00077712	-0.003896	-0.0029338	-0.0074764	0.0034639	-0.0025046	3.9349e-05	-0.0014366	0.0019651	0.002451	0.0071511	0.0053534	0.0030249	0.0027331	0.0043617	-0.0016655
0.0033681	0.0018309	0.0043714	0.0046419	0.0069358	0.0053279	0.0086071	0.036981	0.036136	-0.0022199	0.0021866	0.059703	-0.0061666	0.00083154	-0.0043365	0.0047811	-0.00088298	-0.013001	0.010775	0.0010593	0.023167	-0.0077325	0.012897	0.0082487	0.003539	-0.028871	0.014488	0.017126	-0.01626	0.42232	0.0037195	-0.014146	-0.015309	-0.000532	-0.0044391	0.016363	0.019217	-0.0090539	0.034549	0.006624	0.0089156	-0.00089467	0.0068548	0.021023	-0.0027266	0.0035086	0.049244	0.025098	-6.7806e-05	0.051213	-0.0063631	0.0072872	0.010134	0.01215	0.00015367	0.002977	-0.005912	-0.005917	0.054605	0.01886	0.0025859	0.029317	0.042008	0.00030139	0.0046368	0.062982	-0.0059963	0.0072465	0.013498	0.0087671	0.001055	0.0066652	0.0069297	0.0062612	0.021182	0.02047	0.0020161	0.029155	0.04915	0.0054775	0.050519	-0.003961	0.010016	0.006505	0.0035208	0.043171	0.0059661	0.0031119	0.071072	-0.024803	0.015684	0.011103	0.004434	0.012726	0.0048066	0.021738	0.0065855	0.003883	0.034894	0.022524	-0.02815	0.0029256	0.0091878	0.017444	0.0042493	0.046724	0.0047914	0.063409	0.0099779	0.006918	-0.01298
-0.00457	-0.0057831	0.0079369	0.012211	0.018657	0.011227	0.017835	0.080598	0.096854	0.0013041	0.0071865	0.15576	-0.018098	0.0017677	-0.013891	0.016444	0.001028	-0.031535	0.036733	0.024409	0.081542	0.015321	0.067952	0.023944	0.01162	-0.065574	0.042021	0.072397	-0.015057	0.0037195	0.54056	-0.015144	-0.0025895	0.0018	0.014169	0.054157	0.053841	-0.012564	0.10004	0.026011	0.018788	0.00045258	0.015708	0.054987	-0.0094852	0.015092	0.11753	0.054509	0.00041955	0.11817	-0.015856	0.0077236	0.021217	0.023664	0.0057617	0.0024133	-0.010302	-0.021195	0.12174	0.049448	0.0032556	0.068469	0.098931	0.0031891	0.014626	0.14256	-0.018518	0.0087543	0.023344	0.023921	-0.0030513	0.0076908	0.011969	0.0019173	0.061518	0.037239	0.0045569	0.064253	0.11187	0.013869	0.11844	-0.0087309	0.017799	0.0097645	0.0081275	0.099261	0.0063105	0.0044879	0.17612	-0.058557	0.026226	0.023495	0.0056165	0.03337	0.011716	0.064629	0.010478	0.0011319	0.097415	0.050969	-0.067573	0.014109	0.017456	0.033275	0.010616	0.10847	0.010623	0.14965	0.022156	0.013271	-0.033599
-0.0097226	-0.0099696	-0.0012313	-0.0025564	0.0018749	0.00050793	0.0060059	0.010423	0.013033	-0.002531	0.0010859	0.0090803	-0.022495	-0.010568	-0.0084211	-0.0023644	0.0027968	-0.0014854	0.0068295	-0.0023066	-0.0045476	-0.00077715	0.0015453	0.0045776	0.0046363	-0.0075347	0.0043119	0.0052913	-0.011289	-0.014146	-0.015144	0.39526	-0.026417	-0.0018545	-0.0036122	0.0021785	0.0027377	-0.011249	0.00042541	-0.025411	-0.0055313	-0.0088977	0.0013897	0.01239	0.00040652	0.0014331	0.014116	0.0031679	0.00020396	0.0154	0.0023684	0.0034716	0.0015881	0.0032034	-0.00012031	-0.004187	-0.025597	-0.027874	0.0025934	0.0032196	0.0023097	0.0077094	0.013361	0.003154	0.00084746	0.015157	-0.0022229	0.00011692	0.0053608	0.0054383	-0.00045895	0.0045594	0.0027511	-0.0019288	0.011877	0.0065443	0.0023207	0.010234	0.013774	0.00060523	0.013587	0.0010222	0.0020251	0.0014937	0.0042507	0.01071	0.0028487	0.0045306	0.023444	-0.0045183	0.0057899	-0.00021746	0.0023333	0.0038589	-0.0012102	0.0096351	0.0022664	-0.0018695	0.010922	0.005192	-0.0077645	0.0044028	0.0033811	0.0046414	0.00079413	0.012901	0.0011431	0.021651	0.0073973	0.0026353	-0.0061802
-0.0029208	-0.0072651	0.0070557	0.012023	0.011123	0.0041303	0.012974	0.041509	0.049847	0.0062861	0.0033446	0.069175	-0.015313	0.0057013	-0.0013585	0.013687	0.0051438	-0.019106	0.020352	0.014387	0.029051	-0.006669	0.024056	0.010962	0.0034245	-0.026173	0.015178	0.021345	-0.01956	-0.015309	-0.0025895	-0.026417	0.54432	-0.0041427	-0.015499	0.017904	0.011676	-0.037197	0.02446	-0.016838	-0.016359	-0.015962	0.0059159	0.015019	-0.0063802	0.0055125	0.052081	0.021255	-0.0014731	0.052422	-0.0057984	0.0015519	0.0042143	0.014375	-0.00085872	-0.0031048	-0.019121	-0.018988	0.055148	0.021256	0.0051159	0.03645	0.049692	0.00068732	0.0082358	0.066781	-0.0064263	0.00013436	0.00692	0.017459	0.0037453	0.0035287	0.011699	0.0071905	0.024679	0.014285	0.0019027	0.025431	0.05111	0.0066001	0.054066	-0.004239	0.017535	0.0069288	0.0022573	0.043314	-0.0015206	0.0010595	0.076319	-0.01716	0.0072156	0.024606	0.0032694	0.014492	0.006271	0.026386	0.0026412	-0.00089093	0.043513	0.02387	-0.028763	0.0094602	0.00012388	0.0082754	0.0067437	0.054606	0.012144	0.073696	0.014602	0.0046007	-0.015538
0.00024401	3.1292e-05	0.001758	0.002366	0.003131	0.0012041	0.0016035	0.0063141	0.0056618	0.0011557	0.00018366	0.0097302	0.00060746	-8.8257e-05	0.0006469	0.0030287	0.00055271	-0.0024186	0.0023848	0.0018991	0.0049725	0.0010624	0.0049071	0.0013982	-0.00078336	-0.004196	0.0015931	0.0028201	-0.0017343	-0.000532	0.0018	-0.0018545	-0.0041427	0.10532	-0.0016178	0.0018379	0.00015932	-0.0043535	0.0050981	-0.00090753	0.00090727	-0.0026151	0.00011834	0.0016323	-0.0014499	0.00082448	0.0082439	0.0041354	-0.0008986	0.0064044	-0.00020797	0.0021517	0.0019096	0.0024688	0.00053352	-0.00236	7.6353e-05	-0.00091053	0.0092636	0.0028386	0.0006155	0.0050657	0.0077416	-0.00039784	0.00088192	0.0088088	-0.00088962	0.00064832	0.003468	0.0027176	-0.0010579	0.0016657	0.00030177	0.00040385	0.0046627	0.003501	0.00051131	0.003367	0.0067629	0.0023542	0.007932	-0.00042601	0.0014138	0.0014906	0.00090807	0.0066857	0.00035749	0.0015698	0.010801	-0.0033583	0.00036553	0.0023641	0.0021897	0.00078567	0.00010433	0.0040711	0.0014048	0.0029851	0.0064411	0.003259	-0.0035659	0.0011501	0.001045	0.0016078	-0.0002012	0.0078259	0.0023474	0.0088235	0.00087872	0.0023983	-0.0013438
0.0020623	0.0087161	0.0059766	0.012487	0.0093089	0.0085133	0.012979	0.035777	0.044767	0.0028976	0.0077865	0.077215	0.0027155	0.010676	0.0059541	0.01959	0.0056704	-0.016446	0.023374	0.021458	0.043981	0.003102	0.023724	-0.0043761	0.007488	-0.036631	0.013219	-0.012134	-0.023226	-0.0044391	0.014169	-0.0036122	-0.015499	-0.0016178	0.39503	0.0071054	-0.010537	-0.017867	0.037053	0.010439	0.0065276	-0.011369	0.00035048	0.018895	-0.016877	0.0038018	0.047879	0.016436	-0.0047516	0.038815	-0.0034345	0.0057473	0.0088346	0.0092448	0.0032194	0.001122	0.001256	0.0054165	0.059785	0.022302	0.0080784	0.029466	0.045419	0.00039441	0.004727	0.066987	-0.00771	0.0076729	0.010299	0.0082254	0.0078452	0.004031	0.0074316	0.0075659	0.025303	0.016381	0.002587	0.027038	0.054357	0.0083698	0.054647	-0.0077769	0.014265	0.0035571	0.0024545	0.038813	-0.0016229	0.0069976	0.072257	-0.025067	0.010893	0.011208	0.0029264	0.010175	0.0053451	0.028092	0.0077184	0.0029331	0.038418	0.024118	-0.029195	0.0053814	0.0052714	0.013816	0.0089176	0.051215	0.0066598	0.066632	0.014152	0.0057153	-0.013412
0.0069088	0.013498	0.012991	0.018514	0.021259	0.012543	0.016889	0.083017	0.097282	0.0083753	0.014924	0.15955	0.010432	0.020844	0.013454	0.037639	0.0017422	-0.030954	0.038097	0.046281	0.10429	0.023365	0.067277	0.016581	0.01025	-0.078465	0.028576	0.041189	-0.010624	0.016363	0.054157	0.0021785	0.017904	0.0018379	0.0071054	0.32172	0.040474	-0.0086367	0.097807	0.038717	0.029971	-0.0065577	0.0077042	0.03951	-0.025934	0.0073254	0.10619	0.047322	0.00061602	0.096382	-0.013132	0.011281	0.02012	0.023016	0.0032633	0.0057548	0.0093314	0.0050531	0.12376	0.040396	0.0027907	0.065311	0.098893	0.0023137	0.011909	0.13454	-0.016202	0.010008	0.023218	0.021995	0.0066462	0.007969	0.010466	0.0039232	0.052041	0.031495	0.0034173	0.063276	0.10672	0.01403	0.11618	-0.014043	0.01809	0.012608	0.0045563	0.090164	0.0011003	0.0040974	0.15551	-0.065318	0.027077	0.027965	0.0062319	0.026981	0.0066901	0.059809	0.0095191	0.0049345	0.088098	0.045989	-0.063127	0.0099897	0.014509	0.031106	0.0098732	0.10723	0.01467	0.13924	0.024365	0.011393	-0.030237
0.0075853	0.01095	0.010511	0.018709	0.014542	0.014809	0.01387	0.08339	0.097904	0.0090558	0.013759	0.17319	0.010327	0.017476	0.0070867	0.031492	-0.00028528	-0.028244	0.041378	0.051258	0.10626	0.028247	0.08246	0.0029064	0.017611	-0.071692	0.04068	0.071831	-0.0045807	0.019217	0.053841	0.0027377	0.011676	0.00015932	-0.010537	0.040474	0.40905	-0.049812	0.09214	0.038987	0.02208	-0.028887	0.0046988	0.032021	-0.022691	0.0043645	0.10872	0.040144	-0.0050969	0.092641	-0.018119	0.0078027	0.01981	0.024359	0.0016356	-0.0008678	0.0095757	0.0011357	0.12149	0.047624	-0.00014301	0.061453	0.09497	-0.0039358	0.0091254	0.13479	-0.0065291	0.0095651	0.022259	0.022699	0.0020569	0.0064811	0.013766	0.0051431	0.053894	0.031413	-0.0039093	0.079315	0.10364	0.018241	0.11904	-0.0096526	0.022237	0.0091039	0.014372	0.096558	0.0077924	0.0075983	0.169	-0.061741	0.0031353	-0.032008	-0.0013789	0.029256	0.01431	0.06506	0.012183	0.013437	0.0884	0.051801	-0.063522	0.014017	0.016509	0.048065	0.018022	0.10918	0.012061	0.1392	0.02303	0.010083	-0.031148
