#Insight Transform File V1.0
#Transform 0
Transform: AffineTransform_float_3_3
Parameters: 1 0.000225765 -0.000119808 -0.000224472 0.999943 0.0106883 0.000122214 -0.0106883 0.999943 -0.432259 1.78534 -4.39954
FixedParameters: 0 0 0

#Transform 1
Transform: AffineTransform_float_3_3
Parameters: 1 0.000225765 -0.000119808 -0.000224472 0.999943 0.0106883 0.000122214 -0.0106883 0.999943 -0.432259 1.78534 -4.39954
FixedParameters: 0 0 0

#Transform 2
Transform: AffineTransform_float_3_3
Parameters: 1 0.000225765 -0.000119808 -0.000224472 0.999943 0.0106883 0.000122214 -0.0106883 0.999943 -0.432259 1.78534 -4.39954
FixedParameters: 0 0 0

#Transform 3
Transform: AffineTransform_float_3_3
Parameters: 1 0.000225765 -0.000119808 -0.000224472 0.999943 0.0106883 0.000122214 -0.0106883 0.999943 -0.432259 1.78534 -4.39954
FixedParameters: 0 0 0

#Transform 4
Transform: AffineTransform_float_3_3
Parameters: 1 0.000225765 -0.000119808 -0.000224472 0.999943 0.0106883 0.000122214 -0.0106883 0.999943 -0.432259 1.78534 -4.39954
FixedParameters: 0 0 0

#Transform 5
Transform: AffineTransform_float_3_3
Parameters: 0.999997 -0.00163402 -0.00168745 0.00165369 0.99993 0.0117213 0.00166818 -0.011724 0.99993 -1.03725 1.89227 -4.46544
FixedParameters: 0 0 0

#Transform 6
Transform: AffineTransform_float_3_3
Parameters: 0.999998 -0.00184649 0.000324575 0.00184118 0.999876 0.0156588 -0.000353449 -0.0156582 0.999877 -0.549606 2.66247 -5.38028
FixedParameters: 0 0 0

#Transform 7
Transform: AffineTransform_float_3_3
Parameters: 0.999997 0.000143447 -0.00222418 -0.000111558 0.999897 0.0143312 0.00222601 -0.0143309 0.999895 -0.51976 2.44147 -4.88908
FixedParameters: 0 0 0

#Transform 8
Transform: AffineTransform_float_3_3
Parameters: 0.999993 -0.00248081 -0.00268703 0.00251106 0.999933 0.0113149 0.00265878 -0.0113216 0.999932 -1.27267 1.84782 -4.18529
FixedParameters: 0 0 0

#Transform 9
Transform: AffineTransform_float_3_3
Parameters: 0.999989 -0.00043167 -0.00456337 0.00044717 0.999994 0.00339604 0.00456188 -0.00339805 0.999984 -1.26381 0.488074 -3.16461
FixedParameters: 0 0 0

#Transform 10
Transform: AffineTransform_float_3_3
Parameters: 0.99997 -0.00296388 -0.00715834 0.00294956 0.999994 -0.00200984 0.00716425 0.00198866 0.999972 -2.41411 -0.565634 -2.393
FixedParameters: 0 0 0

#Transform 11
Transform: AffineTransform_float_3_3
Parameters: 0.999987 0.000602706 -0.0049895 -0.00060812 0.999999 -0.0010836 0.00498885 0.00108662 0.999987 -1.09163 -0.0585451 -1.94065
FixedParameters: 0 0 0

#Transform 12
Transform: AffineTransform_float_3_3
Parameters: 0.999986 0.000191873 -0.00531751 -0.000198806 0.999999 -0.00130327 0.00531725 0.0013043 0.999985 -1.14674 0.0344522 -1.34607
FixedParameters: 0 0 0

#Transform 13
Transform: AffineTransform_float_3_3
Parameters: 0.999992 0.000906688 -0.00385308 -0.000934282 0.999974 -0.00716562 0.00384648 0.00716917 0.999967 -0.688003 -0.995536 0.692784
FixedParameters: 0 0 0

#Transform 14
Transform: AffineTransform_float_3_3
Parameters: 0.999984 0.00322001 -0.00472609 -0.00326268 0.999954 -0.00904955 0.00469673 0.00906483 0.999948 -0.314102 -1.37283 1.57922
FixedParameters: 0 0 0

#Transform 15
Transform: AffineTransform_float_3_3
Parameters: 0.999981 0.00168175 -0.00596838 -0.00170286 0.999992 -0.00353276 0.00596239 0.00354285 0.999976 -0.766016 -0.432564 0.92483
FixedParameters: 0 0 0

#Transform 16
Transform: AffineTransform_float_3_3
Parameters: 0.999988 -0.00157459 -0.00472176 0.00156129 0.999995 -0.00281824 0.00472617 0.00281084 0.999985 -1.19711 -0.390247 0.886572
FixedParameters: 0 0 0

#Transform 17
Transform: AffineTransform_float_3_3
Parameters: 0.999994 -0.00212182 -0.00286064 0.00210143 0.999973 -0.00711257 0.00287566 0.00710651 0.999971 -0.947859 -1.2664 1.84069
FixedParameters: 0 0 0

#Transform 18
Transform: AffineTransform_float_3_3
Parameters: 0.999999 0.000241451 -0.00132589 -0.000248973 0.999984 -0.00567596 0.0013245 0.00567628 0.999983 -0.115902 -0.926164 1.83923
FixedParameters: 0 0 0

#Transform 19
Transform: AffineTransform_float_3_3
Parameters: 0.999998 0.0016267 -0.000640361 -0.00163119 0.999974 -0.00708027 0.000628827 0.0070813 0.999975 0.262674 -1.14366 2.60099
FixedParameters: 0 0 0

#Transform 20
Transform: AffineTransform_float_3_3
Parameters: 1 -0.000846369 -0.000148885 0.000845889 0.999995 -0.00319567 0.000151589 0.00319555 0.999995 -0.140145 -0.415571 2.47623
FixedParameters: 0 0 0

#Transform 21
Transform: AffineTransform_float_3_3
Parameters: 1 -0.000276808 -0.000665774 0.000272657 0.999981 -0.00622737 0.000667485 0.00622719 0.99998 -0.142581 -1.00299 2.99765
FixedParameters: 0 0 0

#Transform 22
Transform: AffineTransform_float_3_3
Parameters: 0.999999 2.86767e-05 -0.00132526 -3.05484e-05 0.999999 -0.0014122 0.00132522 0.00141224 0.999998 -0.214963 -0.0875628 2.04519
FixedParameters: 0 0 0

#Transform 23
Transform: AffineTransform_float_3_3
Parameters: 0.999998 0.00115186 0.00180026 -0.00114694 0.999996 -0.0027315 -0.0018034 0.00272943 0.999995 0.574409 -0.286602 2.38525
FixedParameters: 0 0 0

#Transform 24
Transform: AffineTransform_float_3_3
Parameters: 0.999997 -0.000792018 0.00240639 0.000802217 0.999991 -0.00424016 -0.00240301 0.00424208 0.999988 0.320717 -0.525482 2.57033
FixedParameters: 0 0 0

#Transform 25
Transform: AffineTransform_float_3_3
Parameters: 0.999988 0.002273 0.00429764 -0.00226699 0.999996 -0.00140124 -0.00430081 0.00139148 0.99999 1.34218 -0.0150818 2.69996
FixedParameters: 0 0 0

#Transform 26
Transform: AffineTransform_float_3_3
Parameters: 0.999995 0.00290415 0.00132748 -0.00290316 0.999995 -0.000750925 -0.00132965 0.000747068 0.999999 0.93704 0.14198 2.48461
FixedParameters: 0 0 0

#Transform 27
Transform: AffineTransform_float_3_3
Parameters: 0.999998 -0.000209444 0.00182458 0.000217757 0.999989 -0.00455692 -0.00182361 0.00455731 0.999988 0.40397 -0.711994 3.31649
FixedParameters: 0 0 0

#Transform 28
Transform: AffineTransform_float_3_3
Parameters: 0.99999 0.00215227 0.00392251 -0.0021294 0.999981 -0.00582531 -0.00393497 0.0058169 0.999975 1.36379 -0.720233 3.44791
FixedParameters: 0 0 0

#Transform 29
Transform: AffineTransform_float_3_3
Parameters: 0.999993 -0.00200533 0.00317185 0.00200691 0.999998 -0.000494234 -0.00317085 0.000500597 0.999995 0.455085 0.00310367 2.75568
FixedParameters: 0 0 0

#Transform 30
Transform: AffineTransform_float_3_3
Parameters: 0.999985 -0.00518852 -0.00196631 0.00519757 0.999976 0.00462119 0.00194228 -0.00463134 0.999987 -1.13276 0.927846 1.04111
FixedParameters: 0 0 0

#Transform 31
Transform: AffineTransform_float_3_3
Parameters: 0.999999 -0.000830562 0.000810981 0.000828651 0.999997 0.00235324 -0.000812933 -0.00235257 0.999997 0.0619369 0.523835 1.53049
FixedParameters: 0 0 0

#Transform 32
Transform: AffineTransform_float_3_3
Parameters: 0.999976 0.0062242 0.00300399 -0.00622894 0.999979 0.00157183 -0.00299414 -0.00159051 0.999994 2.25118 0.475297 1.76325
FixedParameters: 0 0 0
