0.84859	-0.06936	-0.071015	0.0081939	0.0078701	0.0025765	-0.01039	-0.13315	-0.086688	-0.026428	-0.017434	0.035685	0.043606	0.0030985	-0.012357	0.0080191	0.021607	0.035113	0.01358	-0.0011452	-0.016449	0.0087849	0.02816	0.0092259	0.02704	-0.0022125	0.0014907	0.011693	0.010255	0.012791	-0.00059194	-0.0091278	-0.0059026	0.041918	0.0043221	0.0059049	0.027448	0.016293	0.014616	0.002358	0.0042403	0.014538	0.0081711	0.034353	0.01026	0.0033677	0.011699	0.0067221	0.0096597	0.014539	0.0017457	0.0012872	-0.032578	-0.10515	-0.011802	0.0015575	0.028359	0.030477	0.0013197	0.0012602	0.031937	0.011198	0.007864	0.0047078	-0.011865	-0.066462	-0.10775	0.0037324	0.01827	0.0060815	0.015808	0.028224	0.033676	-0.0013134	0.0083387	0.0062224	0.0024061	0.026989	0.00032074	0.01284	0.050958	-0.0048835	-0.021698	-0.00058548	0.01327	0.011248	0.011755	-0.01609	0.0049624	0.0033177	0.011815	0.029709	0.011428	0.012837	0.018552	0.0566
-0.06936	0.63042	-0.088521	-0.015958	0.01472	0.0037906	-0.0047948	-0.050007	-0.017398	-0.0039814	0.0051889	0.016865	0.026644	-0.0056321	-0.0042125	-0.0065371	0.022002	0.016765	0.0017518	0.0045694	-0.0095128	0.0094937	0.016235	0.0091032	0.0017686	0.0056905	0.00094132	0.0056594	0.00511	0.0092309	0.0021329	-0.0053284	-0.0022483	0.023045	0.0050182	0.0012428	0.015462	0.014948	0.0095676	0.0035219	0.00026642	0.011467	0.0017721	0.019877	0.0095815	-1.7196e-05	0.0063466	0.0042792	0.0082697	0.0032902	0.009105	-0.00336	0.0024511	-0.017176	0.014466	-0.00061609	0.0062041	0.014292	0.0034842	0.0015829	0.02043	0.010396	0.0027389	0.00254	-0.0059099	-0.037009	-0.086332	-0.008823	0.0021852	-0.0012645	0.015418	0.016201	0.018868	0.0010203	0.0034814	0.0010005	0.0035833	0.0095148	0.0087443	0.0036522	0.021589	-0.0064799	-0.006736	0.0038091	0.0092236	0.013553	-0.0075391	-0.04505	-0.047986	-0.004841	0.0011928	0.024294	0.011059	0.0050129	-0.027587	0.0063264
-0.071015	-0.088521	0.82603	-0.06367	0.01983	-0.062412	-0.030365	-0.081109	-0.012992	-0.0094831	-0.0059682	0.033829	0.048668	0.011296	-0.011579	-0.02255	0.032498	0.026051	0.022115	0.0093499	-0.017865	0.018204	0.034723	0.010584	0.010074	0.013839	0.010211	0.0078685	0.011883	0.01467	0.0077946	-0.017821	-0.012597	0.04752	0.0014503	0.0057763	0.023203	0.030871	0.014765	0.0016061	0.0093764	0.018199	0.0089024	0.043806	0.016207	0.0032166	0.014344	0.011257	0.0093321	0.0068322	0.0053142	0.0026146	0.019261	0.0095769	0.037982	0.0082699	0.016969	0.025571	-0.0062692	0.0034976	0.039943	0.01619	0.015208	-0.00335	0.014149	0.0019524	-0.055626	0.016509	0.015272	-0.0052537	0.016739	0.029523	0.037006	-0.0022023	0.011067	0.0026562	0.0082764	0.025235	0.0084887	0.0024201	0.052278	-0.0039762	-0.021976	0.0028063	0.012721	0.013715	0.014303	-0.024263	-0.056974	-0.015469	0.0063443	0.047775	0.022882	0.0022486	-0.077578	-0.017217
0.0081939	-0.015958	-0.06367	0.566	0.016625	-0.078969	-0.043147	0.038154	0.014072	0.0051648	-0.0046739	0.013223	0.037149	0.0061555	-0.017233	0.0073849	0.041257	0.048624	0.018727	0.0021251	-0.027002	0.03418	0.046043	0.012466	0.019158	0.030362	0.011933	0.0039665	0.01523	0.021018	0.0050607	-0.019038	-0.01272	0.076252	0.0041298	0.0078553	0.048632	0.020399	0.010933	0.0061701	0.0078035	0.019402	0.012932	0.061318	0.020485	0.0025559	0.019779	0.014453	0.010542	0.017056	0.0048019	0.017081	0.017816	0.023076	0.040779	0.0047073	0.031601	0.044467	0.00062157	0.0045751	0.055723	0.0090026	0.0057763	0.009599	0.010631	0.022399	0.0068537	0.025603	0.015463	0.0033894	0.032244	0.049143	0.055138	0.0010323	0.01037	0.010437	0.0022587	0.046895	-0.00076431	0.0061298	0.079461	-0.013268	-0.026349	-0.0017107	0.021761	0.012247	0.0161	0.0067445	0.0051944	0.00078229	0.0048333	0.056824	0.024664	0.0071977	-0.036968	-0.079003
0.0078701	0.01472	0.01983	0.016625	0.47672	0.027379	0.0036858	0.088737	0.0029841	0.011424	0.023851	0.038851	0.010303	-0.10796	-0.087128	-0.12115	0.00090605	0.1032	0.020967	0.017216	-0.037063	0.052079	0.080131	0.033179	0.036016	0.03633	0.0067461	0.0020863	0.0082611	0.021314	0.012547	0.0070531	-0.0046379	0.10377	-0.0028826	0.0029708	0.05853	0.027674	0.020786	0.0054486	0.0097604	0.025004	0.007792	0.081788	0.033321	0.0060195	0.025184	0.021047	0.0088383	0.021497	0.0028282	0.011918	0.023924	0.0087918	0.053246	0.0023912	0.041898	0.057839	0.0020227	0.0052666	0.084014	0.010247	0.018214	0.0054521	0.014541	0.028762	0.012989	0.032061	0.023829	0.0058729	0.039119	0.068831	0.07619	-0.009638	0.01237	0.0073099	0.0099922	0.056058	-0.00043196	0.0099961	0.1161	-0.011827	-0.042037	-0.0011838	0.033766	0.0086378	0.022595	0.0080096	0.045123	0.0074225	0.0025146	0.063662	-0.058098	0.020995	0.073958	0.034869
0.0025765	0.0037906	-0.062412	-0.078969	0.027379	1.1001	-0.39813	0.035371	-0.002952	-0.0090139	-0.077537	-0.063518	0.047011	0.0066666	-0.043418	0.006883	0.10206	0.12752	0.060339	0.010139	-0.056882	0.058411	0.10725	0.037423	0.058785	0.059996	0.014388	0.010413	0.019574	0.040594	0.018649	-0.057024	-0.027141	0.17265	0.0078177	-0.00095524	0.10831	0.037835	0.028857	0.010448	0.016641	0.042474	0.020814	0.13332	0.055301	0.0041398	0.039312	0.023897	0.019317	0.025574	0.010951	0.015321	0.047405	0.02235	0.093276	0.0063891	0.069757	0.096935	0.0047986	0.0067995	0.13256	0.02028	0.029738	0.0087415	0.011892	0.045692	0.03813	0.051837	0.035829	0.0060726	0.059184	0.10857	0.1146	-0.011149	0.015177	0.013426	0.011981	0.094361	0.0020841	0.009518	0.17794	-0.023396	-0.075954	0.0056229	0.044701	0.0078843	0.037035	0.020103	0.07136	0.020923	0.017779	0.11068	0.049681	0.049757	0.085886	0.060847
-0.01039	-0.0047948	-0.030365	-0.043147	0.0036858	-0.39813	0.78517	-0.017921	-0.0065779	-0.012975	-0.041539	-0.039081	-0.00069309	0.00052746	-0.0089892	0.0023576	0.024768	0.023808	0.018953	0.0020797	-0.015345	0.015149	0.025662	0.014855	0.017285	0.011529	0.0064728	0.0053411	0.0066892	0.011572	-0.00010917	-0.0094082	-0.0068147	0.037909	0.002683	0.0014494	0.025372	0.01053	0.0080162	0.0057187	0.0061855	0.0099613	0.0074521	0.0317	0.015203	0.0046831	0.012897	0.0075028	0.0051774	0.00739	0.0043584	0.006886	0.012173	0.0012138	0.021585	0.0045429	0.018456	0.02155	0.003332	0.0029316	0.034689	0.0029439	0.0084905	0.0029855	0.0088686	0.0097933	0.0083694	0.015149	0.012485	0.0032023	0.014563	0.026896	0.029469	-0.002308	0.0037079	0.0043684	0.0049506	0.021049	0.00085754	0.00367	0.041168	-0.0066917	-0.0098431	-0.0030836	0.013333	0.0053248	0.0072994	0.010124	0.015357	0.0058316	0.0068501	0.026084	0.015219	0.01215	0.0076445	0.0057802
-0.13315	-0.050007	-0.081109	0.038154	0.088737	0.035371	-0.017921	1.1307	-0.06927	-0.010846	-0.040644	0.1275	0.22522	0.013556	-0.099437	-0.0073277	0.1864	0.22036	0.075774	0.03256	-0.10914	0.12032	0.19372	0.053133	0.068292	0.10306	0.037316	0.026951	0.055347	0.085463	0.030855	-0.10822	-0.058581	0.34704	-0.0022416	0.012401	0.2305	0.094482	0.064594	0.008017	0.030283	0.087929	0.047107	0.26744	0.10189	-0.0032526	0.068222	0.046848	0.045538	0.047556	0.0052413	0.03296	0.065638	-0.022079	0.18431	-0.00078039	0.14602	0.19823	0.0029267	0.01004	0.25159	0.034317	0.052304	0.0070541	0.031922	0.059208	-0.016017	0.10818	0.071912	0.0028122	0.12522	0.21517	0.2225	-0.011983	0.03453	0.022094	0.010816	0.18708	0.011343	0.01316	0.35863	-0.051736	-0.14277	0.0018857	0.090051	0.023646	0.06524	0.010446	0.10464	0.019524	0.020258	0.22053	0.080675	0.085174	0.1826	0.25037
-0.086688	-0.017398	-0.012992	0.014072	0.0029841	-0.002952	-0.0065779	-0.06927	0.67344	-0.033396	-0.032855	0.015853	0.025451	0.0044311	-0.0089484	0.0014455	0.012719	-0.037374	0.011916	0.0058508	-0.0080665	0.0057555	0.012532	0.005809	-0.007128	-0.059191	-0.060475	0.013077	0.0046398	0.0089211	0.0024442	-0.011555	-0.0010916	0.024499	0.0093925	0.0026554	0.011073	-0.026316	0.00050622	-0.00029556	0.0076043	0.0091748	0.0046891	0.01594	0.0069973	-0.0012138	0.0056365	0.0076408	0.0057388	0.0074542	0.0056322	-0.012806	-0.040749	-0.10903	-0.00078524	0.0054065	0.01357	0.015079	0.00024626	0.0014509	0.014502	0.0015346	0.0039099	0.0031911	0.004894	0.00082713	-0.019125	0.012184	0.0022446	0.0019392	0.0083781	0.018179	0.018061	0.00017786	0.004471	0.0024287	0.0015305	0.010289	0.0011574	0.0046226	0.020972	-0.0025028	-0.0053352	-0.0057686	0.008711	0.0060006	0.0078851	-0.0014131	0.016757	0.00035158	0.0041988	0.016973	0.0036835	0.011469	0.022931	0.027006
-0.026428	-0.0039814	-0.0094831	0.0051648	0.011424	-0.0090139	-0.012975	-0.010846	-0.033396	0.36996	-0.037953	0.0018711	0.029383	0.0029259	-0.011325	0.00064057	0.022153	-0.011825	0.0065058	0.0063982	-0.014574	0.016109	0.025326	0.0017575	-0.0021565	-0.010531	-0.011155	0.0062638	0.0079602	0.012961	0.0030691	-0.012498	-0.00709	0.044599	0.0030057	0.003567	0.030219	0.0084528	0.0089798	0.0010163	0.0051941	0.011168	0.0087754	0.034183	0.010364	0.00023043	0.0092048	0.0066942	0.0041762	0.0054083	0.003688	0.004462	0.0079465	-0.01706	0.018316	0.0053856	0.016973	0.02602	0.0016798	0.0045738	0.031676	0.004069	0.00457	0.0031408	0.005471	0.012093	0.0010591	0.01702	0.0064394	0.001214	0.016671	0.027433	0.03081	6.1619e-05	0.0051856	0.0045313	0.0036852	0.023876	-0.00021219	0.0050226	0.041908	-0.0052109	-0.014179	-0.0043116	0.012236	0.0034659	0.0075344	0.006126	0.012591	0.005514	0.0038328	0.026085	0.013918	0.013849	0.028146	0.037386
-0.017434	0.0051889	-0.0059682	-0.0046739	0.023851	-0.077537	-0.041539	-0.040644	-0.032855	-0.037953	0.60481	-0.099393	-0.010545	0.0023056	-0.0026261	0.00064983	-0.00044473	-0.12589	-0.0030891	0.00077438	-0.010584	0.0077671	0.014576	-0.0011231	-0.021827	-0.036056	0.010406	0.013139	0.013433	0.010296	0.0010127	-0.0026953	-0.001821	0.026544	0.0061159	0.0026808	0.024867	0.020175	0.0086768	0.00079662	0.0014609	0.0094366	0.0036494	0.022366	0.0067886	-0.00010062	0.0048695	0.010651	0.0032636	0.0075366	0.0058118	0.0081159	0.015994	-0.0015337	0.014345	0.0064856	0.0071605	0.0088857	0.0049318	0.0026265	0.022482	0.0088635	-0.0030505	0.0059138	0.010025	0.018091	0.013339	0.012372	-0.00072421	-5.2746e-06	0.014972	0.014984	0.022612	-0.00072958	0.0081133	0.0016303	0.001625	0.014259	0.0039335	-0.00029675	0.02614	-0.0024042	-0.009701	0.0002043	0.0088689	-4.4166e-05	0.0021299	0.011776	0.013552	0.012551	0.0036882	0.017005	0.0094982	0.0092821	0.021284	0.035681
0.035685	0.016865	0.033829	0.013223	0.038851	-0.063518	-0.039081	0.1275	0.015853	0.0018711	-0.099393	0.58272	-0.080154	-0.0035654	-0.031181	0.015104	0.024229	0.035392	0.021275	0.013741	-0.047322	0.055965	0.081687	0.019274	0.012703	0.048624	0.027879	0.014556	0.027523	0.038242	0.011354	-0.047123	-0.019504	0.13806	0.0026731	0.0083284	0.091437	0.032437	0.024244	0.0050887	0.017097	0.037322	0.015602	0.11174	0.045381	0.0082567	0.031617	0.019013	0.021107	0.026075	0.0099222	0.013803	0.030123	0.031746	0.072979	0.0019865	0.059189	0.080757	-0.00090077	0.0083407	0.10416	0.019198	0.025193	0.0045309	0.0078513	0.02589	0.015856	0.04464	0.030827	0.0055729	0.050618	0.089987	0.096247	-0.0066683	0.01552	0.012877	0.0036577	0.078792	0.0010552	0.0086626	0.14583	-0.018906	-0.053887	8.1386e-05	0.035653	0.0095178	0.028414	0.0078384	0.056196	0.010107	0.009559	0.095745	0.036487	0.0395	0.090752	0.086427
0.043606	0.026644	0.048668	0.037149	0.010303	0.047011	-0.00069309	0.22522	0.025451	0.029383	-0.010545	-0.080154	0.6649	-0.0085303	-0.074611	-0.02374	0.019604	0.1534	-0.011357	0.025466	-0.077849	0.1017	0.13592	0.025924	0.048076	0.08126	0.024673	0.01687	0.03831	0.057542	0.018262	-0.069503	-0.037298	0.23829	0.0037361	0.004047	0.14853	0.056474	0.044585	0.011396	0.022321	0.063543	0.028077	0.18124	0.075706	0.013941	0.050376	0.032693	0.02294	0.038129	0.007941	0.021987	0.05388	0.028562	0.11038	-0.0010658	0.097867	0.14263	0.00078718	0.010078	0.18013	0.020736	0.037145	0.013084	0.024524	0.048855	0.024236	0.072349	0.049396	0.0060351	0.086549	0.14834	0.15378	-0.013071	0.025071	0.023322	0.0085782	0.12668	0.009337	0.014007	0.24286	-0.035631	-0.099435	-0.0030887	0.067521	0.016573	0.04161	0.009536	0.080238	0.015602	0.019576	0.14261	0.058655	0.060696	0.14861	0.11656
0.0030985	-0.0056321	0.011296	0.0061555	-0.10796	0.0066666	0.00052746	0.013556	0.0044311	0.0029259	0.0023056	-0.0035654	-0.0085303	0.31213	-0.046749	-0.034933	-0.024019	0.0094219	0.01799	-0.024711	-0.0052715	-0.020267	0.016397	0.0064038	-0.0040499	0.010314	-8.6434e-05	0.0057077	0.0066582	0.0080543	0.0046568	0.00528	0.00039541	0.016472	0.001339	-0.00044187	0.0099398	0.0041279	0.0060864	-0.00058451	0.0021136	0.0096235	0.0028496	0.021111	0.0068024	-0.00055596	0.0032232	0.0026355	0.0056572	0.0074068	0.0022553	-0.0034582	0.0044955	0.0096414	0.022713	0.0018514	0.0025152	0.0076994	6.6006e-06	-0.010826	0.020925	0.0096712	0.0036128	0.005473	-0.00059271	-0.0043016	0.0047007	0.0033018	-0.0052322	0.0030126	0.014389	0.010754	0.015605	0.0013897	0.0018565	0.0054609	0.00072843	0.013882	2.1844e-05	0.0034662	0.0188	0.0012637	-0.010121	-0.0010405	0.00607	0.0032595	-0.00062489	0.0096157	0.00748	0.0063859	-0.00082492	0.0099543	-0.0024152	0.0036254	0.012395	0.011818
-0.012357	-0.0042125	-0.011579	-0.017233	-0.087128	-0.043418	-0.0089892	-0.099437	-0.0089484	-0.011325	-0.0026261	-0.031181	-0.074611	-0.046749	0.26252	-0.015718	-0.05538	-0.077467	-0.044769	-0.07752	0.03431	-0.050737	-0.059067	-0.010762	-0.017939	-0.03601	-0.007204	-0.0082181	-0.017472	-0.027583	-0.012226	0.035792	0.014903	-0.11212	1.8436e-05	-0.0014329	-0.06655	-0.033256	-0.020224	-0.0033531	-0.010288	-0.029045	-0.0137	-0.083634	-0.035056	-0.0026847	-0.017902	-0.014234	-0.0094985	-0.020347	-0.0016777	-0.0067958	-0.024124	-0.010253	-0.053264	-0.0024626	-0.048309	-0.066011	0.008221	-0.002028	-0.086307	-0.013376	-0.019968	-0.0021799	-0.0064365	-0.025891	-0.010332	-0.030356	-0.016494	-0.0056888	-0.045702	-0.064643	-0.072756	0.0075514	-0.011494	-0.0084401	-0.0014313	-0.06076	-0.00018807	-0.0094932	-0.11552	0.015147	0.050803	0.0012962	-0.032327	-0.0081968	-0.016512	-0.0081379	-0.03915	-0.0062375	-0.010567	-0.069498	-0.023537	-0.027164	-0.068658	-0.064386
0.0080191	-0.0065371	-0.02255	0.0073849	-0.12115	0.006883	0.0023576	-0.0073277	0.0014455	0.00064057	0.00064983	0.015104	-0.02374	-0.034933	-0.015718	0.45614	-0.079987	0.0057136	-0.074001	-0.06793	-0.003411	0.0021178	-0.008225	0.0034768	-0.002201	0.0090596	-0.0048428	0.0097365	0.0053431	0.0025218	-0.0022902	-0.013782	-0.0022666	-0.0060896	0.0020005	-0.0029777	0.0042501	0.0041489	0.0030914	0.0059703	0.0042037	-0.00077533	0.0024816	0.0038517	0.0066058	-0.0040916	0.00022246	5.5779e-05	0.00971	-0.0088299	0.0043062	-0.0030554	0.0014047	-0.0038609	0.01372	0.001135	7.3791e-05	-0.0015541	-7.3526e-05	0.0024256	0.0022075	0.0035488	0.0029296	0.0010238	-0.0064487	-0.0072914	0.0082407	0.0015884	0.0089549	-0.0030215	0.0054641	-0.0029892	0.007617	-0.0026875	0.0017054	0.001558	-0.0026465	0.00027248	0.0035744	-0.0012953	0.0021341	-0.0010307	0.0050376	0.0013705	0.0022519	-0.0025345	0.0027361	0.010776	0.00088329	0.0072676	0.0011826	-0.010852	0.0010218	0.0012515	0.0047132	0.010708
0.021607	0.022002	0.032498	0.041257	0.00090605	0.10206	0.024768	0.1864	0.012719	0.022153	-0.00044473	0.024229	0.019604	-0.024019	-0.05538	-0.079987	0.67447	0.10122	-0.08213	0.0046972	-0.067669	0.023065	0.10485	0.0069501	0.019648	0.069283	0.025941	0.022928	0.042821	0.061808	0.016107	-0.06359	-0.038418	0.21352	0.01287	0.0092248	0.12613	0.067306	0.030264	0.0052268	0.013468	0.050373	0.028573	0.16072	0.060905	0.0072596	0.041738	0.041155	0.037203	0.026757	0.0079539	0.017436	0.055388	0.02483	0.099445	0.0066219	0.089385	0.099687	-0.0030198	0.0083262	0.14314	0.027257	0.027059	0.00040111	0.024657	0.049783	0.020217	0.053276	0.035958	0.0086202	0.07532	0.13	0.13654	-0.011162	0.024356	0.011556	0.017614	0.11072	0.0066087	0.0079131	0.21591	-0.030638	-0.091451	0.00082707	0.052873	0.015245	0.044814	0.011236	0.078439	0.0099046	0.0055694	0.13827	0.053477	0.044886	0.11215	0.10658
0.035113	0.016765	0.026051	0.048624	0.1032	0.12752	0.023808	0.22036	-0.037374	-0.011825	-0.12589	0.035392	0.1534	0.0094219	-0.077467	0.0057136	0.10122	0.96471	0.01544	0.038142	-0.090152	0.11031	0.15207	-0.030905	-0.15644	-0.042514	-0.035204	0.024129	0.055479	0.076579	0.027673	-0.081982	-0.045404	0.28617	0.011269	0.010639	0.19735	0.097038	0.057634	0.0086802	0.023053	0.067442	0.037926	0.21618	0.082235	-0.0030014	0.056839	0.041787	0.034661	0.046574	-0.00074723	0.02962	0.072205	0.017549	0.16615	-0.0034305	0.11461	0.15843	0.0011006	0.0067601	0.20712	0.03453	0.043003	-0.0017659	0.022809	0.069532	0.04373	0.08809	0.048696	6.6038e-06	0.10442	0.17554	0.18557	-0.011414	0.032599	0.022392	0.011541	0.15029	0.0083578	0.012778	0.28386	-0.039486	-0.11718	0.0041293	0.073053	0.019955	0.053599	0.022337	0.092387	0.0088548	0.025702	0.18648	0.071544	0.076936	0.15791	0.16795
0.01358	0.0017518	0.022115	0.018727	0.020967	0.060339	0.018953	0.075774	0.011916	0.0065058	-0.0030891	0.021275	-0.011357	0.01799	-0.044769	-0.074001	-0.08213	0.01544	0.65106	-0.063759	-0.028123	-0.024675	-0.060593	-0.072222	-0.024874	0.028562	0.050539	0.0072098	0.033395	0.028167	0.0015583	-0.046395	-0.012211	0.094308	0.0041712	0.0074499	0.073579	0.015228	0.018228	0.0038134	0.01184	0.019146	0.010343	0.064654	0.016537	0.00087319	0.016575	0.0051468	0.00522	0.018466	0.0014904	0.0062745	0.01115	0.011414	0.032275	0.0071975	0.039941	0.054316	0.0044142	0.014412	0.06238	0.0094357	0.0096935	0.0080527	0.0033367	0.018655	0.0037418	0.031258	0.013548	0.00072599	0.025673	0.054101	0.052943	-0.0020016	0.0090103	0.014865	0.0019076	0.046982	0.0047536	0.013089	0.085478	-0.013868	-0.037921	-0.0075495	0.037028	0.011065	0.014643	0.0059657	0.039294	0.0091627	0.0072724	0.041536	0.0070368	0.016509	0.048075	0.01944
-0.0011452	0.0045694	0.0093499	0.0021251	0.017216	0.010139	0.0020797	0.03256	0.0058508	0.0063982	0.00077438	0.013741	0.025466	-0.024711	-0.07752	-0.06793	0.0046972	0.038142	-0.063759	0.36361	-0.016114	-0.0091614	0.011193	0.0061099	0.021905	0.012436	6.6056e-05	0.0070106	0.015245	0.010983	-0.0075609	-0.072996	-0.022996	0.038623	0.0036113	0.0068961	0.026007	0.0097621	0.0050525	-0.0019857	0.00099743	0.012444	0.011413	0.023474	0.014832	0.0035257	0.012169	0.00035405	-0.0012355	0.01124	0.00064924	0.0069215	0.0040267	0.0014169	0.017809	0.0010561	0.020529	0.028828	-0.010733	-0.0014199	0.032946	0.0052683	0.005997	0.00069026	0.0021425	0.012701	0.0017876	0.013073	0.0012739	0.0055817	0.017708	0.021729	0.027622	-0.0036653	0.0053617	-0.0039414	-0.0039661	0.020874	0.00010929	0.00078007	0.033028	-0.010386	-0.01765	-0.0024298	0.0057538	0.0037916	0.0063755	0.001835	0.013217	-0.0018162	0.0060896	0.026038	0.01649	0.0096139	0.026017	0.028937
-0.016449	-0.0095128	-0.017865	-0.027002	-0.037063	-0.056882	-0.015345	-0.10914	-0.0080665	-0.014574	-0.010584	-0.047322	-0.077849	-0.0052715	0.03431	-0.003411	-0.067669	-0.090152	-0.028123	-0.016114	0.073663	-0.048539	-0.075547	-0.019068	-0.027249	-0.044949	-0.013442	-0.0096814	-0.022195	-0.033617	-0.011453	0.036197	0.020389	-0.12944	-0.0038525	-0.0048024	-0.082409	-0.03355	-0.023408	-0.0052495	-0.012492	-0.034701	-0.017679	-0.10164	-0.039628	-0.0040913	-0.028122	-0.020607	-0.017423	-0.021362	-0.0060839	-0.012071	-0.02943	-0.015238	-0.068347	-0.0024077	-0.053348	-0.073803	-0.0011897	-0.0058591	-0.097586	-0.015898	-0.020165	-0.0051951	-0.011598	-0.028666	-0.014543	-0.039253	-0.026084	-0.0040611	-0.048277	-0.082169	-0.087315	0.0057928	-0.015974	-0.010673	-0.0067953	-0.070076	-0.0033911	-0.0062329	-0.13389	0.017932	0.051281	-0.0012891	-0.035508	-0.009058	-0.024018	-0.0092861	-0.045662	-0.0093111	-0.0083644	-0.083286	-0.035609	-0.035309	-0.078305	-0.082455
0.0087849	0.0094937	0.018204	0.03418	0.052079	0.058411	0.015149	0.12032	0.0057555	0.016109	0.0077671	0.055965	0.1017	-0.020267	-0.050737	0.0021178	0.023065	0.11031	-0.024675	-0.0091614	-0.048539	0.42547	0.010958	-0.0024155	0.024813	0.055968	0.023704	-0.02016	0.0066738	0.0102	0.0044998	-0.08482	-0.028895	0.14046	0.0027268	0.0053624	0.088582	0.045649	0.022417	0.0038413	0.015074	0.040868	0.017951	0.11307	0.047019	-0.00099758	0.029761	0.022225	0.029074	0.028699	0.0007961	0.013712	0.033257	0.019374	0.080778	-0.00045611	0.059962	0.081753	0.0086557	0.0048728	0.10028	0.017206	0.02527	0.0036134	0.011641	0.029138	0.013557	0.043269	0.030045	0.0019156	0.052061	0.093515	0.097654	-0.0084413	0.017421	0.009553	0.010938	0.080027	0.0019086	0.0078227	0.15657	-0.02052	-0.069644	-0.0035445	0.035352	0.010388	0.025429	0.016926	0.049778	0.0080141	0.003862	0.099424	0.032623	0.036625	0.085849	0.096416
0.02816	0.016235	0.034723	0.046043	0.080131	0.10725	0.025662	0.19372	0.012532	0.025326	0.014576	0.081687	0.13592	0.016397	-0.059067	-0.008225	0.10485	0.15207	-0.060593	0.011193	-0.075547	0.010958	0.70244	-0.091367	0.0039343	0.079887	0.034501	-0.0078825	-0.084302	-0.0023815	0.01778	-0.078616	-0.034949	0.23931	0.0039064	0.00456	0.14635	0.063425	0.043094	0.010592	0.023472	0.062187	0.030824	0.18599	0.070926	-0.004245	0.047537	0.033473	0.032064	0.036473	0.013062	0.015659	0.05512	0.025629	0.11616	0.002467	0.092829	0.14505	0.0005168	0.006806	0.17507	0.024056	0.036396	0.0086385	0.018527	0.050766	0.02645	0.068374	0.047344	0.004655	0.084532	0.14648	0.15058	-0.010438	0.024239	0.017964	0.0086829	0.12511	0.0067057	0.019912	0.24417	-0.028361	-0.091306	0.00059228	0.066909	0.012115	0.044754	0.013057	0.083203	0.013765	0.0090697	0.13732	0.049799	0.054528	0.14373	0.13863
0.0092259	0.0091032	0.010584	0.012466	0.033179	0.037423	0.014855	0.053133	0.005809	0.0017575	-0.0011231	0.019274	0.025924	0.0064038	-0.010762	0.0034768	0.0069501	-0.030905	-0.072222	0.0061099	-0.019068	-0.0024155	-0.091367	0.67804	-0.12886	-0.0097639	-0.032546	-0.076757	-0.052416	-0.0035704	0.00020568	-0.0017754	-0.0039	0.049416	-0.0038977	-0.0098735	0.03266	0.01352	0.002815	0.0017849	0.0048604	0.021185	0.010285	0.044365	0.019392	0.0070475	0.014237	0.012867	0.00048568	0.013262	0.0022393	0.0016495	0.023861	0.02204	0.030668	-0.0047144	0.026094	0.028341	0.006597	0.0053418	0.037648	0.014978	0.0066688	-0.00060364	0.0022003	0.0099953	0.0053083	0.023115	0.011927	0.004773	0.022186	0.03161	0.035839	-0.0026727	0.0078112	0.0048739	0.0065614	0.027603	0.0059694	0.0030945	0.057004	-0.0057456	-0.011025	0.0051395	0.014284	0.0024516	0.0082405	0.0076349	0.022619	0.004071	-0.00079191	0.030737	0.014453	0.007686	0.024528	0.023513
0.02704	0.0017686	0.010074	0.019158	0.036016	0.058785	0.017285	0.068292	-0.007128	-0.0021565	-0.021827	0.012703	0.048076	-0.0040499	-0.017939	-0.002201	0.019648	-0.15644	-0.024874	0.021905	-0.027249	0.024813	0.0039343	-0.12886	0.88989	-0.091566	-0.15828	-0.069282	-0.0047178	0.020724	0.0040561	-0.013317	-0.012348	0.079035	0.0024166	0.0017458	0.027825	0.020504	0.019129	0.0011924	0.013542	0.026692	0.012691	0.066187	0.031443	0.00023926	0.018328	0.015806	0.014473	0.010465	0.0077532	0.011091	0.024365	0.019406	0.044539	0.0020305	0.024309	0.045233	-0.00057998	-0.00072871	0.065028	0.01651	0.020299	0.0046233	0.00092786	0.024439	0.020225	0.028911	0.01998	0.0015467	0.025553	0.053858	0.053327	0.0020432	0.0059956	0.0058915	0.00517	0.046765	-0.0012953	0.0022854	0.085454	-0.01138	-0.029066	0.0061623	0.018422	0.0089595	0.018736	0.015521	0.016025	0.0033575	0.0069212	0.058313	0.023131	0.016052	0.035296	0.040609
-0.0022125	0.0056905	0.013839	0.030362	0.03633	0.059996	0.011529	0.10306	-0.059191	-0.010531	-0.036056	0.048624	0.08126	0.010314	-0.03601	0.0090596	0.069283	-0.042514	0.028562	0.012436	-0.044949	0.055968	0.079887	-0.0097639	-0.091566	0.75762	-0.13501	-0.0065911	0.019839	0.030175	0.009309	-0.02992	-0.020383	0.13702	0.0029907	0.006932	0.078354	-0.0012298	0.026063	0.0038284	0.01522	0.040035	0.017506	0.10775	0.036404	0.009668	0.026366	0.022458	0.019991	0.019464	0.0046311	0.018968	0.017777	-0.046363	0.061899	0.0097791	0.058583	0.073162	0.0034676	0.0058609	0.099456	0.012956	0.016751	0.0079103	0.02288	0.045216	0.022946	0.040352	0.028919	0.0039579	0.049011	0.087061	0.09577	-0.0042799	0.016844	0.011406	0.0011277	0.072523	0.0055825	0.0034184	0.14217	-0.022274	-0.054538	-0.00031081	0.038236	0.0096654	0.029	0.0013291	0.039919	0.013684	0.01619	0.08715	0.032705	0.037932	0.075861	0.088639
0.0014907	0.00094132	0.010211	0.011933	0.0067461	0.014388	0.0064728	0.037316	-0.060475	-0.011155	0.010406	0.027879	0.024673	-8.6434e-05	-0.007204	-0.0048428	0.025941	-0.035204	0.050539	6.6056e-05	-0.013442	0.023704	0.034501	-0.032546	-0.15828	-0.13501	0.87437	-0.080328	-0.0061427	0.005777	0.0032975	-0.005813	-0.0058275	0.041863	-0.0034412	-0.0095537	-0.040328	-0.13014	-0.022406	0.0069675	0.0055868	0.0079364	0.006914	0.027727	0.016202	0.013156	0.01347	0.011172	0.0032124	0.012297	0.013405	0.012533	-0.041499	-0.097052	0.037756	0.014597	0.0191	0.021923	-0.011417	-0.00079955	0.036506	0.00073302	0.010525	0.0027655	0.0097282	0.022676	0.010788	0.0044551	0.0085793	0.0024924	0.018467	0.023369	0.029581	-0.005601	0.0094647	-0.00073115	0.00086005	0.027116	0.0037239	0.0062782	0.037727	-0.0051894	-0.007511	-0.0001905	0.010077	0.0028471	0.00072621	-0.004138	0.0034818	0.002946	0.0062253	0.022741	0.0095899	0.011842	0.02609	0.035595
0.011693	0.0056594	0.0078685	0.0039665	0.0020863	0.010413	0.0053411	0.026951	0.013077	0.0062638	0.013139	0.014556	0.01687	0.0057077	-0.0082181	0.0097365	0.022928	0.024129	0.0072098	0.0070106	-0.0096814	-0.02016	-0.0078825	-0.076757	-0.069282	-0.0065911	-0.080328	0.50686	0.0012569	0.0070738	0.00063791	-0.016674	-0.0069058	0.0030826	-0.055991	-0.090715	-0.042938	-0.037833	-0.0056822	-7.1853e-05	0.005465	0.014804	0.013862	0.020584	0.01899	0.010385	0.0064751	0.0043218	0.011255	0.0055613	0.0081769	0.016546	0.017716	0.017916	0.011869	0.00071497	0.009045	0.015905	0.0061374	0.00568	0.024787	-6.0118e-05	0.002532	0.0055596	0.0069022	0.0085767	0.0061954	0.011855	0.0051775	0.0044646	0.012568	0.015747	0.016541	-0.0039157	0.0067838	0.0055867	0.0050691	0.01197	0.0005885	-0.00030146	0.025638	-0.00054551	0.00012865	0.0098847	0.0088131	-0.010762	0.005227	-0.0019006	0.0080797	-0.0027035	-0.0051071	0.010262	0.0093342	0.01174	0.017773	0.023343
0.010255	0.00511	0.011883	0.01523	0.0082611	0.019574	0.0066892	0.055347	0.0046398	0.0079602	0.013433	0.027523	0.03831	0.0066582	-0.017472	0.0053431	0.042821	0.055479	0.033395	0.015245	-0.022195	0.0066738	-0.084302	-0.052416	-0.0047178	0.019839	-0.0061427	0.0012569	0.36944	-0.022241	0.0019785	-0.019047	-0.015771	0.018088	-0.038615	-0.0046166	0.041503	0.0089483	0.0086349	0.0017224	0.0049178	0.017479	0.014445	0.049986	0.019052	0.0035511	0.014622	0.010079	0.010085	0.0090981	6.9968e-05	0.0058758	0.01144	0.0058919	0.035717	0.0011107	0.026944	0.035322	0.0019853	0.005493	0.050992	0.0099411	0.012282	0.0049388	0.0078783	0.01426	0.0097629	0.018791	0.010552	0.0041479	0.026494	0.040465	0.042667	-0.0038898	0.0090908	0.0042238	0.0041124	0.033102	0.0022679	0.001511	0.063541	-0.0060768	-0.019494	0.0090447	0.012174	8.4931e-06	0.008711	0.0051755	0.020643	0.0024907	0.0018489	0.036393	0.021298	0.021708	0.037219	0.051171
0.012791	0.0092309	0.01467	0.021018	0.021314	0.040594	0.011572	0.085463	0.0089211	0.012961	0.010296	0.038242	0.057542	0.0080543	-0.027583	0.0025218	0.061808	0.076579	0.028167	0.010983	-0.033617	0.0102	-0.0023815	-0.0035704	0.020724	0.030175	0.005777	0.0070738	-0.022241	0.26892	-0.00084647	-0.056354	-0.03237	0.045983	0.016588	0.025498	0.070021	0.02405	0.017264	0.0004174	0.0025037	0.020339	0.018606	0.075205	0.028388	0.0029125	0.023983	0.015266	0.011428	0.016426	0.00087256	0.0086472	0.020822	0.0079135	0.049426	0.0013883	0.042291	0.059056	-0.00083471	0.0037516	0.078393	0.012871	0.017401	0.007365	0.012521	0.021102	0.012039	0.030889	0.017662	0.0038202	0.040722	0.061823	0.066713	-0.0029737	0.010032	0.0080815	0.003463	0.052534	0.0017165	0.0029334	0.10087	-0.012384	-0.034641	0.0015785	0.019357	0.0086276	0.018303	0.0064439	0.034331	0.0051437	0.0059878	0.058727	0.027513	0.029157	0.061736	0.06963
-0.00059194	0.0021329	0.0077946	0.0050607	0.012547	0.018649	-0.00010917	0.030855	0.0024442	0.0030691	0.0010127	0.011354	0.018262	0.0046568	-0.012226	-0.0022902	0.016107	0.027673	0.0015583	-0.0075609	-0.011453	0.0044998	0.01778	0.00020568	0.0040561	0.009309	0.0032975	0.00063791	0.0019785	-0.00084647	0.64517	-0.5249	-0.017247	0.031273	-0.0082156	-0.0016603	0.019523	0.0094704	0.0036825	0.0036309	-0.0014846	0.0047391	-0.00014957	0.024776	0.011651	-0.0010282	0.0099654	0.00171	0.0046418	0.0039854	0.0011287	0.010686	0.0064336	0.0064312	0.015615	-5.8675e-06	0.013339	0.021058	-0.0023881	0.0027236	0.024252	0.0081128	0.0021597	-0.00043279	0.0029091	0.013297	0.0022743	0.012184	0.0041993	4.7969e-05	0.013717	0.023112	0.025756	-0.0023891	0.0014422	0.0037417	0.002176	0.018059	0.0010564	-0.0014166	0.034039	-0.010474	-0.025041	-0.0055132	0.0053267	0.0012196	0.011379	-0.0023441	0.011042	0.00046874	0.0021938	0.022719	0.0067558	0.0066959	0.022698	0.021001
-0.0091278	-0.0053284	-0.017821	-0.019038	0.0070531	-0.057024	-0.0094082	-0.10822	-0.011555	-0.012498	-0.0026953	-0.047123	-0.069503	0.00528	0.035792	-0.013782	-0.06359	-0.081982	-0.046395	-0.072996	0.036197	-0.08482	-0.078616	-0.0017754	-0.013317	-0.02992	-0.005813	-0.016674	-0.019047	-0.056354	-0.5249	0.90651	-0.027359	-0.18868	-0.017697	-0.0099488	-0.082596	-0.027205	-0.0092123	-0.0050287	-0.011624	-0.046033	-0.014625	-0.095356	-0.03631	0.012623	-0.016725	-0.011899	-0.022047	-0.016144	0.0057535	-0.012358	-0.025908	-0.012253	-0.056589	0.0014209	-0.046067	-0.074481	-0.005055	-0.0065619	-0.086414	-0.017366	-0.012937	-0.0024456	-0.010408	-0.035521	-0.0098872	-0.043049	-0.017706	-0.0015509	-0.04383	-0.074971	-0.070252	0.014257	-0.012808	-0.0056966	-0.0025858	-0.063645	0.0014621	0.00070537	-0.12795	0.0073379	-0.0035918	-0.054716	-0.021291	0.0014474	-0.020059	-0.0014071	-0.040153	5.0631e-05	-0.00068122	-0.065714	-0.031448	-0.025827	-0.070729	-0.079865
-0.0059026	-0.0022483	-0.012597	-0.01272	-0.0046379	-0.027141	-0.0068147	-0.058581	-0.0010916	-0.00709	-0.001821	-0.019504	-0.037298	0.00039541	0.014903	-0.0022666	-0.038418	-0.045404	-0.012211	-0.022996	0.020389	-0.028895	-0.034949	-0.0039	-0.012348	-0.020383	-0.0058275	-0.0069058	-0.015771	-0.03237	-0.017247	-0.027359	0.31815	-0.09919	-0.01616	-0.0048711	-0.040429	-0.013055	-0.0098829	-0.0066062	-0.010947	-0.021593	-0.11727	-0.047612	-0.015579	-0.0042023	-0.014726	0.0011721	-0.0012884	-0.0092956	-0.0016712	-0.0041351	-0.012568	-0.0052296	-0.040195	-0.0031184	-0.036382	-0.040858	9.4273e-05	0.0025732	-0.039567	-0.0076103	-0.0093301	-0.0053548	0.0028296	-0.007768	-0.0012837	-0.020499	-0.013544	-0.00045349	-0.024598	-0.036598	-0.017931	-0.032265	0.0011028	-0.00039242	0.0014255	-0.035202	-0.00053636	0.0035588	-0.065934	-0.023235	0.018655	-0.011183	-0.014544	-0.0003447	-0.016821	-0.0076186	-0.022414	0.002585	-0.00024594	-0.039496	-0.01717	-0.013893	-0.041291	-0.042651
0.041918	0.023045	0.04752	0.076252	0.10377	0.17265	0.037909	0.34704	0.024499	0.044599	0.026544	0.13806	0.23829	0.016472	-0.11212	-0.0060896	0.21352	0.28617	0.094308	0.038623	-0.12944	0.14046	0.23931	0.049416	0.079035	0.13702	0.041863	0.0030826	0.018088	0.045983	0.031273	-0.18868	-0.09919	0.91355	-0.093127	-0.053422	0.23978	0.10265	0.062764	-0.0053623	0.0092423	0.057076	0.025984	0.30775	0.11043	0.0053645	0.087433	0.052752	0.054889	0.068397	0.023733	0.038202	0.10156	0.052457	0.21106	0.0064596	0.1642	0.22467	0.0051382	0.011855	0.29965	0.049754	0.056331	0.00799	0.029936	0.090252	0.041486	0.11836	0.089589	0.011674	0.14833	0.25029	0.26524	-0.014563	0.035503	0.02986	0.016678	0.2233	0.0085774	0.010655	0.40765	-0.054212	-0.17533	-0.00098392	0.10024	0.018835	0.067727	0.0261	0.14226	0.022708	0.029195	0.26	0.095257	0.10436	0.24289	0.25871
0.0043221	0.0050182	0.0014503	0.0041298	-0.0028826	0.0078177	0.002683	-0.0022416	0.0093925	0.0030057	0.0061159	0.0026731	0.0037361	0.001339	1.8436e-05	0.0020005	0.01287	0.011269	0.0041712	0.0036113	-0.0038525	0.0027268	0.0039064	-0.0038977	0.0024166	0.0029907	-0.0034412	-0.055991	-0.038615	0.016588	-0.0082156	-0.017697	-0.01616	-0.093127	0.4952	-0.098289	-0.054248	0.00096588	-0.021325	-0.024449	-0.029403	-0.02627	0.00022328	-0.0012518	-0.0089973	-0.0097098	0.0056056	0.0073114	0.00074216	0.011292	0.0015948	0.010742	0.0080482	0.010386	-0.00085326	0.0050911	0.0047695	0.008024	0.003852	0.0035371	0.0036315	-0.0011331	0.0038845	0.0071215	0.0064435	0.0012766	0.005005	0.0089032	0.0019678	-0.00017802	0.0053581	0.0049007	0.0062024	0.0028931	0.001107	0.00036769	0.0015206	-0.00025483	-0.0071411	-0.0049818	0.0048707	0.00017649	0.0015938	-0.0019594	0.0025933	-0.0012569	0.0025321	-0.0019992	0.0018934	0.0055071	0.0043872	0.0014323	0.0054142	0.0033135	0.0033336	0.0045679
0.0059049	0.0012428	0.0057763	0.0078553	0.0029708	-0.00095524	0.0014494	0.012401	0.0026554	0.003567	0.0026808	0.0083284	0.004047	-0.00044187	-0.0014329	-0.0029777	0.0092248	0.010639	0.0074499	0.0068961	-0.0048024	0.0053624	0.00456	-0.0098735	0.0017458	0.006932	-0.0095537	-0.090715	-0.0046166	0.025498	-0.0016603	-0.0099488	-0.0048711	-0.053422	-0.098289	0.53001	-0.081378	-0.032064	-0.037294	-0.021814	-0.020143	-0.011228	-0.00075254	0.0082775	-0.0099569	-0.027118	0.0046514	-0.00081154	-0.0022213	0.0077806	0.0022933	0.0027737	0.0036948	0.00191	0.01061	0.0054524	0.0087888	0.0091081	-2.8129e-05	0.0018856	0.013641	0.0051623	0.0048393	0.0034838	0.0038716	-0.0017916	0.0021192	0.0053924	0.00093888	-0.0011797	0.0045867	0.0052612	0.0088636	0.0031858	-0.0034521	0.00084517	-0.00019281	0.0021991	-0.0041234	-0.0051622	0.0093785	0.0010286	-0.00092723	0.0033705	0.0019496	-0.0001579	-0.0037545	0.0080113	0.0023845	-0.00037899	0.001768	0.0017407	0.0080223	0.0052724	0.008907	0.011145
0.027448	0.015462	0.023203	0.048632	0.05853	0.10831	0.025372	0.2305	0.011073	0.030219	0.024867	0.091437	0.14853	0.0099398	-0.06655	0.0042501	0.12613	0.19735	0.073579	0.026007	-0.082409	0.088582	0.14635	0.03266	0.027825	0.078354	-0.040328	-0.042938	0.041503	0.070021	0.019523	-0.082596	-0.040429	0.23978	-0.054248	-0.081378	0.87991	-0.033355	-0.079945	-0.015023	0.0043606	0.061909	0.030831	0.19481	0.054865	-0.058273	0.053597	0.049768	0.030917	0.031257	-0.00034544	-0.014321	0.027444	0.015028	0.13431	0.0093469	0.11278	0.16065	-0.013754	0.0077042	0.1886	0.031109	0.049497	0.0068083	0.02152	0.056016	0.034272	0.057267	0.039821	0.011465	0.095793	0.1645	0.16775	-0.01862	0.033045	0.019054	-0.0015345	0.13122	0.0019472	0.018099	0.26646	-0.030799	-0.10509	0.0019843	0.062887	0.0177	0.054224	0.005509	0.097905	0.016236	0.011111	0.17586	0.056931	0.06266	0.16133	0.16288
0.016293	0.014948	0.030871	0.020399	0.027674	0.037835	0.01053	0.094482	-0.026316	0.0084528	0.020175	0.032437	0.056474	0.0041279	-0.033256	0.0041489	0.067306	0.097038	0.015228	0.0097621	-0.03355	0.045649	0.063425	0.01352	0.020504	-0.0012298	-0.13014	-0.037833	0.0089483	0.02405	0.0094704	-0.027205	-0.013055	0.10265	0.00096588	-0.032064	-0.033355	0.81786	-0.11547	3.7942e-05	0.0073486	0.021825	0.014352	0.079367	0.02851	-0.018587	0.024824	0.010783	0.013578	0.024974	-0.0014079	-0.060456	-0.1112	-0.10174	0.05761	0.016786	0.043207	0.056868	0.0094448	0.0024717	0.082194	0.0093971	0.0049216	0.017492	0.018933	0.0057588	0.0065317	0.015052	0.016319	0.0094451	0.038949	0.062313	0.065368	-0.0084121	0.0067426	0.011838	0.0084752	0.050322	0.0051996	0.0023991	0.10682	-0.014986	-0.037267	0.003595	0.027505	0.0096793	0.011333	0.0068782	0.037947	0.0067077	0.0060362	0.05713	0.027867	0.033018	0.063226	0.064759
0.014616	0.0095676	0.014765	0.010933	0.020786	0.028857	0.0080162	0.064594	0.00050622	0.0089798	0.0086768	0.024244	0.044585	0.0060864	-0.020224	0.0030914	0.030264	0.057634	0.018228	0.0050525	-0.023408	0.022417	0.043094	0.002815	0.019129	0.026063	-0.022406	-0.0056822	0.0086349	0.017264	0.0036825	-0.0092123	-0.0098829	0.062764	-0.021325	-0.037294	-0.079945	-0.11547	0.91337	-0.018347	0.00013626	0.011082	0.012761	0.050876	-0.018911	-0.12734	0.021414	0.0076269	0.010328	-0.017311	-0.062937	-0.10329	-0.066053	-0.02861	0.030382	-0.022181	0.023513	0.043851	0.0042017	0.0060851	0.054407	0.018574	0.0146	0.0050726	0.0082737	0.018715	0.003577	0.016111	0.0033862	-0.00092402	0.02815	0.044087	0.046247	-0.0042745	0.010406	0.0045508	0.010567	0.036889	0.0039846	0.0062714	0.076908	-0.014698	-0.024062	-0.0029834	0.02124	0.0057745	0.0077545	0.0065936	0.025834	0.0013777	0.0090014	0.046015	0.018048	0.020838	0.045967	0.043105
0.002358	0.0035219	0.0016061	0.0061701	0.0054486	0.010448	0.0057187	0.008017	-0.00029556	0.0010163	0.00079662	0.0050887	0.011396	-0.00058451	-0.0033531	0.0059703	0.0052268	0.0086802	0.0038134	-0.0019857	-0.0052495	0.0038413	0.010592	0.0017849	0.0011924	0.0038284	0.0069675	-7.1853e-05	0.0017224	0.0004174	0.0036309	-0.0050287	-0.0066062	-0.0053623	-0.024449	-0.021814	-0.015023	3.7942e-05	-0.018347	0.32761	-0.023364	-0.01302	-0.0017543	-0.0036514	-0.024448	-0.040218	0.0033162	0.0013728	-0.0062134	-0.013078	-0.0094693	-0.0029115	0.0045928	0.0056982	0.011261	-0.0036294	0.0035625	0.0093357	0.0011872	0.00069979	0.011875	0.0034336	0.0096462	0.00045644	0.001706	0.0029882	-0.00033422	0.0036321	0.0068158	-0.0036227	0.0013972	0.011557	0.013655	0.0030659	-6.1242e-05	0.00087872	0.00071365	0.0053838	-0.001296	-0.00077223	0.012004	-0.0016519	-0.0040067	0.0019948	0.0054344	0.0033439	0.0045721	0.0021955	0.0063498	0.0047769	-0.0023101	0.012455	0.0024653	0.0055831	0.0075046	0.009806
0.0042403	0.00026642	0.0093764	0.0078035	0.0097604	0.016641	0.0061855	0.030283	0.0076043	0.0051941	0.0014609	0.017097	0.022321	0.0021136	-0.010288	0.0042037	0.013468	0.023053	0.01184	0.00099743	-0.012492	0.015074	0.023472	0.0048604	0.013542	0.01522	0.0055868	0.005465	0.0049178	0.0025037	-0.0014846	-0.011624	-0.010947	0.0092423	-0.029403	-0.020143	0.0043606	0.0073486	0.00013626	-0.023364	0.31678	-0.022634	-0.011266	0.0059219	-0.016453	-0.021504	0.007446	-0.0010133	-0.0035413	-0.0078794	-0.0021931	0.003327	0.012281	0.0034991	0.027989	0.0083498	0.017635	0.016738	-0.00036224	0.0028545	0.024815	0.00549	0.0051986	0.0028384	0.0013501	0.0064964	0.0023879	0.0064626	0.0096729	0.00034461	0.016149	0.024938	0.027051	-0.0012001	0.0036042	-0.0020035	-0.0040028	0.021444	0.0015149	-0.00017064	0.03682	-0.0012368	-0.013814	-0.0016047	0.0070537	0.0043723	0.0085983	0.0092627	0.010697	0.0035431	0.0060395	0.025993	0.0090152	0.011883	0.021367	0.023692
0.014538	0.011467	0.018199	0.019402	0.025004	0.042474	0.0099613	0.087929	0.0091748	0.011168	0.0094366	0.037322	0.063543	0.0096235	-0.029045	-0.00077533	0.050373	0.067442	0.019146	0.012444	-0.034701	0.040868	0.062187	0.021185	0.026692	0.040035	0.0079364	0.014804	0.017479	0.020339	0.0047391	-0.046033	-0.021593	0.057076	-0.02627	-0.011228	0.061909	0.021825	0.011082	-0.01302	-0.022634	0.34191	-0.039788	0.059874	0.0089761	-0.0073362	0.013801	0.0040104	0.0075539	0.0069066	0.012337	0.016755	0.022324	0.014671	0.056908	0.0054085	0.047431	0.051512	0.0018759	-1.9864e-05	0.066338	0.016387	0.019264	0.0044431	0.0099997	0.02302	0.0073613	0.03777	0.015665	0.0057502	0.034333	0.062474	0.068603	0.0046536	0.0099654	0.0026826	0.0054763	0.057676	0.00063608	0.0063248	0.10047	-0.0085013	-0.045359	-0.00021951	0.026617	0.0068937	0.022665	0.0058529	0.035134	0.0079785	0.0053126	0.068602	0.026964	0.027471	0.061049	0.068599
0.0081711	0.0017721	0.0089024	0.012932	0.007792	0.020814	0.0074521	0.047107	0.0046891	0.0087754	0.0036494	0.015602	0.028077	0.0028496	-0.0137	0.0024816	0.028573	0.037926	0.010343	0.011413	-0.017679	0.017951	0.030824	0.010285	0.012691	0.017506	0.006914	0.013862	0.014445	0.018606	-0.00014957	-0.014625	-0.11727	0.025984	0.00022328	-0.00075254	0.030831	0.014352	0.012761	-0.0017543	-0.011266	-0.039788	0.26295	0.021684	0.0070564	0.0069602	-0.020342	-0.0047728	0.0012948	0.0075473	0.0051713	0.010288	0.0049509	0.0046466	0.032553	0.0055487	0.032054	0.03184	-0.00080484	-0.00072026	0.038471	0.0054597	0.0038037	0.0067984	0.0021087	0.0092332	0.00053258	0.017704	0.011082	0.0028694	0.020154	0.03078	0.030212	0.0085279	0.006528	0.0028669	0.005087	0.025674	0.0026949	0.0034296	0.057444	-0.011309	-0.011031	0.0077599	0.011954	-0.00015746	0.016368	0.0034968	0.016481	0.0018245	0.0028806	0.031006	0.012772	0.014243	0.032773	0.034753
