#Insight Transform File V1.0
#Transform 0
Transform: AffineTransform_float_3_3
Parameters: 0.999947 -0.00880906 -0.00526535 0.00875635 0.999912 -0.00995093 0.00535255 0.0099043 0.999937 -1.94877 -1.26873 2.16916
FixedParameters: 0 0 0

#Transform 1
Transform: AffineTransform_float_3_3
Parameters: 0.999947 -0.00880906 -0.00526535 0.00875635 0.999912 -0.00995093 0.00535255 0.0099043 0.999937 -1.94877 -1.26873 2.16916
FixedParameters: 0 0 0

#Transform 2
Transform: AffineTransform_float_3_3
Parameters: 0.999947 -0.00880906 -0.00526535 0.00875635 0.999912 -0.00995093 0.00535255 0.0099043 0.999937 -1.94877 -1.26873 2.16916
FixedParameters: 0 0 0

#Transform 3
Transform: AffineTransform_float_3_3
Parameters: 0.999947 -0.00880906 -0.00526535 0.00875635 0.999912 -0.00995093 0.00535255 0.0099043 0.999937 -1.94877 -1.26873 2.16916
FixedParameters: 0 0 0

#Transform 4
Transform: AffineTransform_float_3_3
Parameters: 0.999947 -0.00880906 -0.00526535 0.00875635 0.999912 -0.00995093 0.00535255 0.0099043 0.999937 -1.94877 -1.26873 2.16916
FixedParameters: 0 0 0

#Transform 5
Transform: AffineTransform_float_3_3
Parameters: 0.999957 -0.00889603 -0.00272431 0.00886933 0.999914 -0.00966154 0.00281002 0.00963696 0.99995 -1.54646 -1.22381 1.84976
FixedParameters: 0 0 0

#Transform 6
Transform: AffineTransform_float_3_3
Parameters: 0.999957 -0.00881487 -0.00295735 0.00879889 0.999947 -0.00537319 0.00300456 0.00534694 0.999981 -1.60778 -0.738593 0.658708
FixedParameters: 0 0 0

#Transform 7
Transform: AffineTransform_float_3_3
Parameters: 0.999977 -0.00575539 -0.00344811 0.005756 0.999983 0.000166971 0.00344709 -0.000186815 0.999994 -0.957123 -0.120055 -1.22677
FixedParameters: 0 0 0

#Transform 8
Transform: AffineTransform_float_3_3
Parameters: 0.999983 -0.00450847 -0.00377142 0.00452186 0.999984 0.00354983 0.00375536 -0.00356682 0.999987 -0.862211 0.264448 -2.2488
FixedParameters: 0 0 0

#Transform 9
Transform: AffineTransform_float_3_3
Parameters: 0.999978 0.00122312 -0.00657596 -0.0011681 0.999964 0.0083641 0.00658596 -0.00835623 0.999943 -0.00925297 0.769377 -3.17808
FixedParameters: 0 0 0

#Transform 10
Transform: AffineTransform_float_3_3
Parameters: 0.999934 0.00674214 -0.00927761 -0.00661493 0.999885 0.0136751 0.00936874 -0.0136128 0.999863 0.740066 1.22153 -4.29361
FixedParameters: 0 0 0

#Transform 11
Transform: AffineTransform_float_3_3
Parameters: 0.999974 0.000424255 -0.00719602 -0.000310439 0.999875 0.0158102 0.00720183 -0.0158075 0.999849 -0.732589 1.65009 -4.57162
FixedParameters: 0 0 0

#Transform 12
Transform: AffineTransform_float_3_3
Parameters: 0.999913 0.00934276 -0.00935456 -0.00922979 0.999885 0.0120477 0.00946604 -0.0119603 0.999884 0.67709 1.31558 -2.79214
FixedParameters: 0 0 0

#Transform 13
Transform: AffineTransform_float_3_3
Parameters: 0.999985 -0.00433374 -0.00326009 0.004334 0.999991 7.22067e-05 0.00325975 -8.63348e-05 0.999995 -1.4935 0.212815 -0.119921
FixedParameters: 0 0 0

#Transform 14
Transform: AffineTransform_float_3_3
Parameters: 0.999961 -0.00863955 -0.00188964 0.00862095 0.999916 -0.00964014 0.00197276 0.00962347 0.999952 -2.24747 -0.853147 2.73302
FixedParameters: 0 0 0

#Transform 15
Transform: AffineTransform_float_3_3
Parameters: 0.999999 0.00123384 0.000534528 -0.00123028 0.999977 -0.0066004 -0.00054266 0.00659974 0.999978 0.288951 -0.471434 2.12787
FixedParameters: 0 0 0

#Transform 16
Transform: AffineTransform_float_3_3
Parameters: 0.999993 0.00185329 0.00316082 -0.00183683 0.999985 -0.00520493 -0.00317042 0.00519909 0.999981 0.529013 -0.240253 1.0352
FixedParameters: 0 0 0

#Transform 17
Transform: AffineTransform_float_3_3
Parameters: 0.999998 0.000853268 0.00193164 -0.000849355 0.999998 -0.00202566 -0.00193337 0.00202402 0.999996 0.327107 0.0933419 -0.686252
FixedParameters: 0 0 0

#Transform 18
Transform: AffineTransform_float_3_3
Parameters: 0.999996 -0.00155045 0.00223585 0.00156628 0.999974 -0.00709477 -0.0022248 0.00709825 0.999972 -0.196909 -0.36233 1.51718
FixedParameters: 0 0 0

#Transform 19
Transform: AffineTransform_float_3_3
Parameters: 0.999988 -0.00382796 0.00294902 0.00383667 0.999988 -0.00295455 -0.00293768 0.00296583 0.999991 -0.767192 0.0573789 0.754727
FixedParameters: 0 0 0

#Transform 20
Transform: AffineTransform_float_3_3
Parameters: 0.999992 -0.00112132 0.00395611 0.0011141 0.999998 0.00182671 -0.00395815 -0.00182229 0.99999 -0.0887894 0.465171 0.185462
FixedParameters: 0 0 0

#Transform 21
Transform: AffineTransform_float_3_3
Parameters: 0.999998 0.000997863 0.00178259 -0.00100035 0.999998 0.00139612 -0.00178119 -0.0013979 0.999997 -0.0562816 0.256504 0.177492
FixedParameters: 0 0 0

#Transform 22
Transform: AffineTransform_float_3_3
Parameters: 0.999996 0.0023625 0.00121802 -0.00236943 0.999981 0.00571711 -0.00120449 -0.00571997 0.999983 0.0627063 0.581947 -0.441613
FixedParameters: 0 0 0

#Transform 23
Transform: AffineTransform_float_3_3
Parameters: 0.999975 0.00696147 0.000856028 -0.00696242 0.999975 0.00110956 -0.000848283 -0.00111549 0.999999 0.842406 0.186205 1.34224
FixedParameters: 0 0 0

#Transform 24
Transform: AffineTransform_float_3_3
Parameters: 0.999934 0.0109876 0.00330194 -0.0109944 0.999937 0.00205701 -0.00327913 -0.00209318 0.999992 2.02752 0.436318 1.10075
FixedParameters: 0 0 0

#Transform 25
Transform: AffineTransform_float_3_3
Parameters: 0.999976 0.00492632 0.00492507 -0.00491666 0.999986 -0.00197321 -0.00493472 0.00194895 0.999986 0.903437 0.0251023 2.1804
FixedParameters: 0 0 0

#Transform 26
Transform: AffineTransform_float_3_3
Parameters: 0.999959 0.00666938 0.006088 -0.00668234 0.999975 0.00211168 -0.00607377 -0.00215227 0.999979 1.50773 0.252739 1.29625
FixedParameters: 0 0 0
