filename	acq_time	duration
anat/sub-03_ses-01_T1w.nii	1852-10-11T23:35:34	240
func/sub-03_ses-01_task-nback_run-01_bold.nii	1852-10-11T23:40:34	720
func/sub-03_ses-01_task-nback_run-02_bold.nii	1852-10-11T23:55:34	720
func/sub-03_ses-01_task-rest_bold.nii	1852-10-12T00:10:34	600
