0.56156	-0.063767	-0.017443	-0.010078	0.010343	0.010289	0.0091849	-0.004556	0.011242	0.016765	-0.00088704	-0.0075194	0.0015146	-0.023352	-0.0049387	0.00047517	0.0055639	0.0092912	-0.0053035	-0.020756	-0.00071309	0.013188	0.022335	0.0093118	0.021596	0.0071532	0.012724	0.005856	0.0038808	-0.00031876	0.010272	0.017664	0.0027678	0.0060367	0.0059818	-0.013195	0.00071777	-0.0018459	0.002673	0.0047313	0.0020377	-0.0096963	-0.0023805	0.027412	0.0018999	-0.0056616	0.01847	-0.0014643	-0.0075776	0.021778	0.0076965	0.0017311	-0.00099425	0.0021648	0.01818	0.013267	-0.0021306	0.019695	0.0055385	0.0044152	0.0021993	0.0073861	-0.0011632	-0.015396	-0.052876	-0.04352	-0.067005	-0.0329	-0.0055044	0.0077409	0.013334	0.0072712	0.0025693	0.023854	0.0031956	-0.00026235	-0.0017807	0.0094172	0.0050682	-0.023594	-0.048055	-0.045399	-0.0034067	-0.0013546	0.002088	0.02035	0.022198	-0.0035557	0.025098	-0.0053865	0.0060794	0.0029246	0.0035448	0.011996	-0.005822	0.0035315	0.027993	-0.0063794	-0.0076473	0.0025893	0.0094813	0.0075504	0.007357	0.0030256	-0.0090293	0.012194	0.0046702	0.0016514	0.012336	0.011002	-0.0046959	0.002577	0.0079359	0.0026594	0.015419	0.0051682	0.019859	0.0045278
-0.063767	0.7711	-0.049743	-0.044173	-0.0017466	0.011712	0.013002	-0.0020723	0.070142	0.067983	-0.012543	-0.040608	0.05025	-0.049861	-0.020323	-0.006057	0.014484	0.017755	0.00034169	-0.021185	-0.0010304	0.026772	0.09762	0.019381	0.073606	0.008976	0.034854	0.010993	0.010103	-0.032098	0.041749	0.061421	0.0041206	0.016519	0.021542	-0.020156	0.017025	0.0071442	0.021765	0.028513	0.010625	-0.035488	-0.016109	0.12284	-0.0025053	0.0071933	0.076837	0.012774	0.023559	0.029362	-0.0023649	0.010389	-0.0037344	0.010095	0.082643	0.036092	-0.00034615	0.087473	-0.0065801	0.007728	0.013196	0.013809	0.010483	-0.0049635	-0.041311	-0.080005	0.036946	0.025579	0.007553	0.052875	0.072179	-0.0013817	0.0082928	0.10591	-0.012911	0.0021049	0.011043	0.015661	0.0060102	-0.0039524	-0.045137	-0.07857	0.019206	0.024592	0.01446	0.045877	0.071846	0.0081487	0.09544	0.0013965	0.011347	0.0081247	0.0033988	0.070094	0.0031229	0.0023848	0.11885	-0.013304	-0.042698	0.0064058	0.025391	0.015381	0.0066738	0.026424	-0.016846	0.028712	0.0026819	-0.0012082	0.071762	0.042612	-0.035479	0.011985	0.023243	0.0028098	0.077459	0.016223	0.10843	0.0045976
-0.017443	-0.049743	0.61878	-0.036035	-0.014614	-0.0037448	0.016106	-0.0053313	0.074729	0.076976	-0.0010971	-0.019742	0.097775	-0.015789	-0.0020345	0.0061405	0.015985	0.014716	0.00039764	-0.027488	0.0090102	0.031165	0.10992	0.0083062	0.097675	0.014377	0.029013	0.0085225	0.012864	-0.03499	0.050545	0.075038	0.0056602	0.017214	0.040986	-0.0040023	0.021872	0.0096455	0.015716	0.033361	0.013951	-0.046338	-0.015535	0.14667	0.002578	0.0024411	0.095271	0.032458	0.026413	0.0080338	0.0073341	0.01168	-0.0049851	0.008205	0.0969	0.043782	-0.0010098	0.10625	-0.0085978	0.0030161	0.01251	0.022593	0.0069831	0.0049881	-0.0028796	-0.016183	0.10093	0.036257	-0.00059081	0.063749	0.08784	-0.0013703	0.0088346	0.11932	-0.011999	0.00925	0.021349	0.011394	0.0021649	-0.0033914	-0.028544	-0.057022	0.0096341	0.0086587	-0.0049934	0.050835	0.090386	0.011847	0.10506	-0.0035568	0.01284	0.010983	0.0003296	0.080841	0.0093533	-0.00089363	0.14611	-0.021004	-0.053517	0.01625	0.034282	0.023209	0.0020686	0.013828	-0.046695	0.0032859	-0.016732	-0.0075463	0.082321	0.050065	-0.033579	0.011883	0.028521	-0.0088607	0.069324	0.0023983	0.12698	0.0025029
-0.010078	-0.044173	-0.036035	0.64917	-0.042559	-0.0057912	0.028411	-0.019521	0.15495	0.15066	-0.046421	-0.056277	0.23675	-0.013925	0.00099919	-0.0022873	0.021942	0.042887	0.0004961	-0.060392	0.0069794	0.061691	0.23191	0.017998	0.20235	0.027752	0.061763	0.021042	0.02342	-0.072475	0.10315	0.15623	0.0087104	0.039356	0.084309	0.0052368	0.050721	0.011278	0.040119	0.065093	0.032928	-0.088988	-0.040681	0.30803	-0.0040218	-0.00042715	0.19643	0.07241	0.053819	0.0016626	0.016861	0.033589	-0.015794	0.020384	0.20149	0.0919	0.0021197	0.21826	-0.013437	0.017909	0.032576	0.039866	-2.5753e-05	0.013287	0.013658	-0.013386	0.23493	0.083866	0.00087125	0.12652	0.17349	6.2022e-05	0.013144	0.25397	-0.019501	0.011274	0.032024	0.036109	0.0070462	0.012606	0.0092372	-0.035518	0.076825	0.058488	-0.0063368	0.099243	0.18514	0.011881	0.22381	-0.0085981	0.025107	0.013515	0.0063304	0.16238	-0.00020578	0.0056622	0.30113	-0.035682	-0.11107	0.028358	0.06656	0.041188	0.018346	0.050702	-0.030244	0.059964	0.0045836	0.010698	0.16645	0.10684	-0.075055	0.021821	0.057322	0.00011896	0.15024	0.0094986	0.25531	0.019471
0.010343	-0.0017466	-0.014614	-0.042559	0.79926	-0.083724	0.0085886	-0.017764	0.15115	0.14091	-0.064346	-0.045528	0.30008	0.01091	0.015947	-0.0063694	0.01484	0.046427	0.0073061	-0.065906	0.013915	0.070221	0.26237	0.019226	0.22232	0.024652	0.075738	0.023688	0.025637	-0.087057	0.1153	0.1792	0.0080949	0.042268	0.10834	0.013251	0.049458	0.010817	0.044808	0.074692	0.031898	-0.10313	-0.043665	0.35094	3.4217e-05	-0.0040912	0.22027	0.075344	0.054659	-0.0014298	0.023688	0.035433	-0.013875	0.026683	0.22786	0.10405	0.0029489	0.25172	-0.021445	0.013617	0.031688	0.041016	0.0083633	0.019414	0.023942	0.0038898	0.27303	0.082659	-0.0025178	0.13707	0.19475	0.00067477	0.017358	0.28358	-0.019175	0.0144	0.039264	0.038651	0.0010118	0.015403	0.018559	-0.0061976	0.095803	0.068003	0.0060281	0.11157	0.20994	0.012517	0.2462	-0.010949	0.024529	0.01842	0.011371	0.18429	-0.0015429	0.010054	0.34273	-0.045845	-0.12854	0.036332	0.07446	0.047541	0.020623	0.057099	-0.015509	0.053709	0.0096777	0.014681	0.18909	0.1206	-0.080759	0.031547	0.055407	-0.010525	0.12157	-0.080337	0.25463	0.020583
0.010289	0.011712	-0.0037448	-0.0057912	-0.083724	0.80725	-0.047863	-0.030255	-0.00026414	0.0020419	-0.05483	-0.012234	0.12651	0.0065299	0.011454	-0.01263	-0.018455	-0.0041593	-0.0031765	-0.016054	0.0084276	0.032523	0.1037	0.0010578	0.080677	0.0072924	0.037175	0.017395	0.0082051	-0.041685	0.042687	0.071572	0.010076	0.022751	0.050468	0.0092915	0.023243	0.0042356	0.02226	0.031929	0.012998	-0.047934	-0.017657	0.14199	0.0037996	0.0047403	0.085722	0.031591	0.020315	-0.0033359	0.010343	0.011835	-0.0027577	0.011763	0.090993	0.035348	0.0081111	0.10045	-0.008196	0.0014901	0.018426	0.021955	0.00269	0.0073788	0.0058033	0.0052566	0.10251	0.038321	-0.0063248	0.051128	0.081958	0.003887	0.01026	0.11155	-0.010303	4.2359e-05	0.019905	0.019937	-0.0042526	0.01247	0.0095107	0.0060179	0.042955	0.025528	0.0040429	0.043856	0.082012	0.0074717	0.10418	-0.0014527	0.0098215	0.0056368	0.0075093	0.079444	0.004026	0.0059097	0.13453	-0.010576	-0.0574	0.011453	0.029223	0.020064	0.0042264	0.031079	0.0045104	0.020176	0.012377	0.0088632	0.078574	0.049896	-0.034275	0.013373	0.0069596	-0.0020999	0.017336	-0.10854	0.031197	-0.031358
0.0091849	0.013002	0.016106	0.028411	0.0085886	-0.047863	0.50422	-0.056828	0.10756	0.13398	-0.0058384	0.01967	0.293	0.015267	0.02572	0.0060037	0.0040598	0.012503	-0.029884	-0.059318	0.0042263	0.058483	0.22843	-0.002866	0.20228	0.022211	0.060729	0.023377	0.024535	-0.080308	0.10493	0.15596	0.0017144	0.043384	0.094658	0.01037	0.039921	0.01083	0.040372	0.069101	0.02872	-0.09153	-0.036872	0.3127	-0.013728	-0.0035816	0.19155	0.07187	0.046848	0.032944	0.0058712	0.030584	-0.0072853	0.020123	0.19975	0.090309	-0.0035799	0.21193	-0.020057	0.019123	0.029389	0.035357	0.0037808	0.00075249	0.010853	0.0023044	0.23387	0.078186	0.00030593	0.1199	0.17163	0.0014075	0.012594	0.24682	-0.033827	0.011822	0.031476	0.032835	0.0040843	0.0051684	0.0075682	0.0044373	0.087091	0.054389	-0.003334	0.10439	0.18758	0.018839	0.23182	0.0002641	0.011111	0.016138	0.0052837	0.16388	0.0018265	0.0031734	0.3087	-0.025582	-0.12233	0.019877	0.061856	0.032603	0.0087104	0.047145	0.0094941	0.10586	0.021349	0.0042627	0.15951	0.10291	-0.10219	0.014812	0.038668	0.011551	0.1673	-0.017516	0.2101	-0.049222
-0.004556	-0.0020723	-0.0053313	-0.019521	-0.017764	-0.030255	-0.056828	0.64274	-0.25238	-0.18814	-0.0058977	-0.0075257	-0.25866	-0.0081564	-0.022613	-0.0097663	-0.027717	-0.10095	-0.1003	-0.020408	-0.054383	-0.046293	-0.18399	-0.0042158	-0.1707	-0.014808	-0.059943	0.0066849	-0.026261	0.074906	-0.092862	-0.13373	-0.00090031	-0.031598	-0.080912	-0.0061079	-0.037001	-0.0026066	-0.034724	-0.055125	-0.021639	0.10008	0.040469	-0.27514	-0.0011607	0.0019822	-0.17079	-0.060535	-0.036291	-0.0017223	-0.015141	-0.026802	0.030337	-0.019433	-0.17727	-0.080734	0.0014826	-0.19226	0.017929	-0.0058355	-0.025197	-0.030184	-0.0042496	-0.0038203	-0.012025	0.0029305	-0.20833	-0.06486	0.0039988	-0.10719	-0.15202	-0.00301	-0.0094626	-0.22004	0.026891	-0.0041762	-0.030349	-0.023917	0.0059777	-0.0054227	-0.012063	0.003106	-0.077296	-0.046756	0.0086148	-0.090904	-0.16544	-0.016337	-0.19775	0.013454	-0.018339	-0.0095389	-0.003679	-0.1462	0.0096531	-0.0017639	-0.2667	0.035103	0.10276	-0.030726	-0.070354	-0.027819	-0.0071406	-0.039093	0.00048837	-0.086296	-0.0089833	0.0023488	-0.15193	-0.083029	-0.01561	0.012913	-0.054266	-0.0078024	-0.15331	-0.023889	-0.23979	-0.081513
0.011242	0.070142	0.074729	0.15495	0.15115	-0.00026414	0.10756	-0.25238	1.5954	0.85803	-0.034082	0.083937	1.7179	0.062609	0.17513	0.027656	0.017449	0.10159	-0.08159	-0.36555	0.022067	0.35164	1.3261	0.037727	1.1603	0.1229	0.34457	0.11991	0.13165	-0.42975	0.60259	0.89465	0.0049836	0.21837	0.56185	0.047007	0.24825	0.034783	0.22369	0.37096	0.1661	-0.52327	-0.22446	1.8091	-0.018096	-0.023732	1.1219	0.39391	0.27222	0.012953	0.091573	0.1669	-0.092917	0.13805	1.1657	0.53139	-0.013741	1.2717	-0.10961	0.052766	0.1673	0.22163	0.014852	0.029927	0.06864	0.01077	1.3456	0.43921	-0.016641	0.70593	1.0075	-0.013356	0.079144	1.4457	-0.13949	0.046785	0.19224	0.2015	-0.0082457	0.044074	0.075511	0.012151	0.52267	0.30371	-0.022125	0.60938	1.0783	0.08163	1.2819	-0.054763	0.12232	0.081864	0.034667	0.94742	-0.02008	0.015163	1.7638	-0.21425	-0.67295	0.16577	0.36873	0.20481	0.041688	0.26916	0.05563	0.62997	0.086317	0.021959	0.95671	0.59486	-0.49525	0.14136	0.28945	0.07103	1.0977	0.046203	1.4688	0.059181
0.016765	0.067983	0.076976	0.15066	0.14091	0.0020419	0.13398	-0.18814	0.85803	1.6851	-0.063616	0.061559	1.8534	0.065096	0.17699	0.0068972	0.017421	0.15342	-0.049008	-0.37149	0.037737	0.37885	1.434	0.037411	1.253	0.11975	0.38494	0.12442	0.1404	-0.47087	0.65193	0.96962	0.0049299	0.23645	0.60704	0.052996	0.2677	0.040073	0.24042	0.40577	0.17936	-0.56939	-0.25257	1.96	-0.019332	-0.018726	1.2187	0.42847	0.29418	0.03806	0.087938	0.18146	-0.096829	0.14263	1.2581	0.57419	-0.020311	1.3727	-0.11834	0.067259	0.17675	0.24306	0.013249	0.029845	0.077784	0.015825	1.4668	0.47402	-0.018333	0.77048	1.0853	-0.014786	0.090957	1.5678	-0.15176	0.053638	0.20447	0.21909	-0.003346	0.046988	0.08324	0.010373	0.56394	0.32441	-0.01771	0.65674	1.164	0.082347	1.3888	-0.056324	0.12737	0.093302	0.03183	1.027	-0.017924	0.018062	1.9096	-0.23101	-0.73228	0.17986	0.4064	0.22098	0.050673	0.29633	0.058441	0.67468	0.096004	0.022704	1.0362	0.64414	-0.51514	0.13723	0.32095	0.07824	1.1786	0.0583	1.6093	0.094699
-0.00088704	-0.012543	-0.0010971	-0.046421	-0.064346	-0.05483	-0.0058384	-0.0058977	-0.034082	-0.063616	0.62434	-0.089255	-0.0022367	-0.012095	-0.025808	-0.077134	-0.055102	-0.022374	-0.0027611	0.00046909	0.0025641	0.012867	0.038222	0.0097814	0.006143	0.0053507	0.0208	0.0018002	0.0014209	-0.010782	0.013759	0.017993	0.0093171	0.0092266	0.0056577	-0.0015224	0.0039426	0.00094347	0.0068343	0.0046444	0.0038579	-0.0095072	-0.0029194	0.029883	0.0036041	0.00032819	0.02583	0.0095778	0.0077415	-0.0071598	0.011112	0.004751	-0.0046772	0.0058995	0.022262	0.011857	0.00041044	0.02409	0.0041538	0.0026561	0.00044077	0.0071442	0.0043249	0.0091942	0.0086073	0.0048519	0.025418	0.016314	0.00059051	0.011161	0.018198	-6.5413e-05	0.0059903	0.029814	0.0080793	0.00096411	0.00388	0.0032981	0.0031204	0.00018196	0.010053	0.0074126	0.011905	0.005923	0.0078658	0.01566	0.021458	-0.0010567	0.018861	-0.0030069	0.0073369	0.0015752	0.0013862	0.016462	-0.0016461	0.0023758	0.033866	-0.0030678	-0.013172	0.0065824	0.0089529	0.0083202	0.0024088	0.0054427	0.0054105	0.008436	0.012647	0.010112	0.01855	0.010567	-0.0035557	0.0055459	0.013083	0.0098102	0.008505	0.0044139	0.03275	0.010959
-0.0075194	-0.040608	-0.019742	-0.056277	-0.045528	-0.012234	0.01967	-0.0075257	0.083937	0.061559	-0.089255	0.59546	0.11209	-0.024217	-0.026701	-0.054006	-0.010841	0.026171	-0.0031983	-0.032784	0.0072612	0.038705	0.1495	0.020059	0.10505	0.010236	0.043471	0.0098966	0.012187	-0.044497	0.062881	0.093927	0.009375	0.02404	0.046707	-0.0027482	0.028143	0.0071573	0.026677	0.042071	0.016756	-0.051435	-0.023714	0.18933	0.0039319	8.5764e-05	0.12207	0.044478	0.03631	-0.00077431	0.013199	0.016697	-0.018507	0.014501	0.12201	0.055483	0.0021037	0.13583	-0.005614	0.012884	0.01396	0.021051	0.0024686	0.009163	0.011597	-0.012958	0.1454	0.052701	0.0023359	0.075093	0.10529	0.0017641	0.01102	0.15323	-0.0066691	0.0063551	0.020776	0.024575	-0.00087718	0.01295	0.011558	-0.011298	0.067304	0.032382	0.0020173	0.061755	0.1155	0.0048715	0.14019	-0.0064679	0.01555	0.0053561	0.00077994	0.097723	-0.0064733	0.0022482	0.18623	-0.022228	-0.065599	0.019865	0.042311	0.02097	0.014069	0.029449	0.0024945	0.057206	0.015562	0.012634	0.10238	0.067086	-0.047743	0.016124	0.034524	0.012416	0.10523	0.015689	0.16257	0.015612
0.0015146	0.05025	0.097775	0.23675	0.30008	0.12651	0.293	-0.25866	1.7179	1.8534	-0.0022367	0.11209	3.9216	0.069147	0.30262	0.097786	0.16027	0.38401	-0.050583	-0.67725	0.075358	0.68012	2.5905	0.089784	2.2602	0.2118	0.67709	0.22349	0.25401	-0.84597	1.1771	1.7478	0.010809	0.42462	1.0797	0.073268	0.47544	0.077918	0.43632	0.73605	0.32647	-1.0192	-0.45366	3.5365	-0.043239	-0.034938	2.1926	0.76373	0.54491	0.065462	0.16133	0.31296	-0.18162	0.26005	2.2703	1.0272	-0.026986	2.4776	-0.20794	0.11507	0.32038	0.4369	0.022315	0.064464	0.1214	-0.012763	2.632	0.86601	-0.028268	1.3789	1.968	-0.0211	0.15888	2.8343	-0.27727	0.091736	0.37028	0.38993	-0.0078039	0.084595	0.13153	-0.023104	1.0126	0.5985	-0.032343	1.1772	2.1016	0.15145	2.5152	-0.10412	0.2322	0.16027	0.060404	1.8565	-0.039562	0.023716	3.4562	-0.41505	-1.3151	0.3254	0.73446	0.40045	0.080799	0.5401	0.076345	1.2097	0.16871	0.037132	1.8689	1.1648	-0.93089	0.23808	0.5691	0.13783	2.1394	0.13319	2.9214	0.17588
-0.023352	-0.049861	-0.015789	-0.013925	0.01091	0.0065299	0.015267	-0.0081564	0.062609	0.065096	-0.012095	-0.024217	0.069147	0.71247	-0.016896	-0.016753	0.00213	0.017377	0.001272	-0.022229	0.0062417	0.02441	0.086607	0.0037525	0.04409	-0.015427	0.032641	0.0083461	0.011457	-0.026557	0.045054	0.060908	-0.011861	-0.024028	-0.029454	-0.061168	0.0082044	0.0050866	0.014727	0.02675	0.011721	-0.03374	-0.011951	0.1182	-0.0013931	0.0025143	0.073649	-0.021404	-0.0014176	0.002966	0.0089058	0.015374	-0.0046353	0.010112	0.078083	0.031926	-0.0026817	0.085627	-0.011303	0.0029126	0.014008	0.017392	0.0029009	-0.0082504	-0.037939	-0.077177	0.070634	0.035784	0.0059221	0.047937	0.071784	0.0014205	0.0045454	0.098052	-0.0026348	0.0055524	0.010892	0.011182	0.0046043	0.0096435	-0.00089563	-0.019046	0.032343	0.025904	0.0049624	0.040425	0.068041	0.0097111	0.079633	-0.00079507	0.0063218	0.0084277	3.0812e-05	0.067003	0.0042922	0.0064711	0.11254	-0.010569	-0.043996	0.009104	0.023224	0.019479	0.0052146	0.017817	-0.0039272	0.040262	0.0078338	0.010101	0.061307	0.039962	-0.033871	0.0083172	0.025312	0.0056338	0.069596	0.0062618	0.10259	0.0070817
-0.0049387	-0.020323	-0.0020345	0.00099919	0.015947	0.011454	0.02572	-0.022613	0.17513	0.17699	-0.025808	-0.026701	0.30262	-0.016896	0.44332	-0.019689	0.0072769	0.040092	-0.0012673	-0.066178	0.0096299	0.067783	0.26184	0.0053548	0.2116	0.016082	0.069753	0.022654	0.029202	-0.088741	0.12066	0.178	-0.00032708	0.037735	0.089976	-0.0071249	0.047152	0.012705	0.048201	0.080064	0.03238	-0.10574	-0.044643	0.35941	-0.0070211	-0.0042952	0.21933	0.07029	0.057268	0.037085	0.0051451	0.02938	-0.012427	0.0277	0.22991	0.099091	-0.0019869	0.24933	-0.020423	0.016331	0.035364	0.044935	0.0052562	0.0037254	0.0098544	-0.01637	0.2658	0.090884	-0.0029318	0.14045	0.20046	0.00092447	0.017256	0.28779	-0.037482	0.0084544	0.040271	0.040069	0.0017527	0.013222	0.0098122	-0.0062636	0.1059	0.064703	0.00078672	0.12117	0.21266	0.016444	0.27222	-0.0030925	0.019347	0.017169	0.0041144	0.18734	-0.0028715	0.0017443	0.35285	-0.040058	-0.13353	0.027569	0.077323	0.040629	0.0092572	0.061097	0.00729	0.11898	0.02127	0.0026934	0.19211	0.12047	-0.089973	0.026472	0.060819	0.016259	0.21745	0.018861	0.29714	0.022646
0.00047517	-0.006057	0.0061405	-0.0022873	-0.0063694	-0.01263	0.0060037	-0.0097663	0.027656	0.0068972	-0.077134	-0.054006	0.097786	-0.016753	-0.019689	0.75438	-0.11239	-0.022425	-0.00033159	-0.027551	0.01037	0.030564	0.065123	-0.085594	-0.0060502	-0.023784	0.024464	0.015867	0.0085627	-0.022961	0.045584	0.064704	0.0028651	0.018068	-0.00071142	-0.0083089	0.023123	0.0070302	0.022051	0.031818	0.016064	-0.042565	-0.014025	0.12779	0.00079689	0.0021781	0.075564	0.030954	0.03089	0.013913	0.006188	0.012913	0.002824	0.014938	0.081733	0.037107	0.0049132	0.090172	-0.0044141	0.0049926	0.011173	0.017552	0.00053916	0.0076867	0.0019302	-0.011087	0.102	0.037461	-0.00010295	0.051219	0.066692	0.0012204	0.009762	0.10696	-0.0060502	0.0074239	0.015941	0.01552	0.0045344	0.0031452	0.0087151	0.011365	0.039525	0.025393	-0.0063862	0.049017	0.077338	0.0078384	0.091262	-0.0080737	0.0097999	0.005965	0.0040105	0.065199	0.0047641	0.0048387	0.12788	-0.012732	-0.051482	0.0050358	0.032482	0.018243	0.0021287	0.022333	0.0096619	0.052388	0.0089229	0.0070484	0.070133	0.045202	-0.018371	0.01313	0.035916	0.0091255	0.08249	0.0072218	0.11097	0.02886
0.0055639	0.014484	0.015985	0.021942	0.01484	-0.018455	0.0040598	-0.027717	0.017449	0.017421	-0.055102	-0.010841	0.16027	0.00213	0.0072769	-0.11239	0.77604	-0.12981	-0.033543	-0.012766	0.0038255	0.010534	0.046031	-0.11083	0.053342	-0.00015174	0.024387	0.024813	0.017616	-0.048856	0.065309	0.088945	0.01246	0.02674	0.047326	0.0092845	0.025186	0.0025607	0.027238	0.039873	0.014819	-0.05216	-0.020284	0.17195	-0.0003226	0.0028916	0.10496	0.047286	0.024437	0.008308	0.014567	0.01909	-0.011626	0.01607	0.10939	0.053191	0.00069808	0.11844	-0.01531	0.0084019	0.026264	0.022384	0.0044422	0.002204	0.011669	0.0097517	0.12143	0.035034	0.0036033	0.067875	0.093695	0.0027032	0.009561	0.13295	-0.012215	0.0066923	0.023707	0.016958	0.0034526	0.0063125	0.0074291	0.0057716	0.048718	0.027517	-0.001629	0.061807	0.1015	0.0054329	0.12594	0.0072518	0.015512	0.0071917	0.0060788	0.085911	-0.003852	0.0017667	0.16633	-0.01865	-0.068885	0.0092437	0.035434	0.019994	0.003982	0.027248	0.014166	0.065054	0.010928	0.0041081	0.099422	0.055652	-0.03081	0.017549	0.038509	0.010091	0.10273	0.017583	0.13874	0.024975
0.0092912	0.017755	0.014716	0.042887	0.046427	-0.0041593	0.012503	-0.10095	0.10159	0.15342	-0.022374	0.026171	0.38401	0.017377	0.040092	-0.022425	-0.12981	0.85327	-0.096441	-0.081124	-0.023084	0.00031774	0.20657	-0.016807	0.24397	0.020982	0.058743	0.022476	0.023399	-0.10287	0.13836	0.19798	0.0057122	0.047324	0.12207	0.017716	0.058266	0.018249	0.05063	0.083916	0.036661	-0.11093	-0.048245	0.39793	-0.00090849	-0.0060822	0.24797	0.083937	0.061272	-0.00046919	0.026873	0.041077	-0.0173	0.029379	0.25759	0.11649	-0.0010645	0.27759	-0.027509	0.012579	0.044779	0.049784	0.0045705	0.0088641	0.018803	0.004851	0.29339	0.092432	-0.0022081	0.15632	0.22941	0.0055127	0.018625	0.31279	-0.030579	0.0082008	0.045024	0.044436	0.0041744	0.0046649	0.018312	0.0052844	0.11738	0.063788	-0.0025609	0.12921	0.23766	0.01453	0.28259	-0.0022848	0.035328	0.021343	0.014967	0.20373	-0.009441	0.0045762	0.38628	-0.04798	-0.14965	0.03586	0.080157	0.046839	0.012432	0.061093	0.011445	0.14694	0.023403	0.010247	0.2109	0.13339	-0.11481	0.034055	0.061947	0.020029	0.24416	0.02427	0.32814	0.0065224
-0.0053035	0.00034169	0.00039764	0.0004961	0.0073061	-0.0031765	-0.029884	-0.1003	-0.08159	-0.049008	-0.0027611	-0.0031983	-0.050583	0.001272	-0.0012673	-0.00033159	-0.033543	-0.096441	0.70273	-0.074719	-0.059892	-0.089707	-0.06429	-0.017003	-0.034075	-0.0088226	-0.01751	-0.0095436	-0.023071	-0.0046443	-0.012982	-0.022234	0.0060928	-0.0059534	-0.015491	0.0063853	-0.016101	-0.0012103	-0.0056423	-0.014342	-0.00064478	0.028377	0.0094995	-0.055543	0.0032806	0.0010006	-0.036555	-0.0046669	-0.011684	0.0010275	0.0042658	-0.0076397	0.0048304	-0.0066641	-0.040021	-0.010989	-0.0029463	-0.03828	0.0097996	-0.0023398	-0.0023297	-0.0048984	-0.0016711	0.00031873	-0.0010946	-0.00048603	-0.045982	-0.011521	0.0014038	-0.02171	-0.030725	-0.00093821	-0.0024062	-0.04832	0.0085759	-4.3092e-05	-0.0035194	-0.0030443	-0.002712	0.002998	0.0059426	0.00019222	-0.013321	-0.0077412	0.001861	-0.01562	-0.034181	-0.0060163	-0.032383	0.0023674	-0.0018461	-0.0012848	-0.0021219	-0.029966	-0.0013994	-6.5359e-05	-0.058138	0.0098288	0.027379	-0.0038317	-0.022869	-0.0086189	0.0077149	-0.0095115	0.0013749	-0.012822	0.0025391	0.003128	-0.027446	-0.017719	-0.054488	0.017481	-0.0089412	0.0015944	-0.028788	0.0027601	-0.045649	-0.043163
-0.020756	-0.021185	-0.027488	-0.060392	-0.065906	-0.016054	-0.059318	-0.020408	-0.36555	-0.37149	0.00046909	-0.032784	-0.67725	-0.022229	-0.066178	-0.027551	-0.012766	-0.081124	-0.074719	0.55398	-0.097413	-0.16219	-0.51204	-0.012397	-0.45435	-0.038723	-0.13984	-0.048843	-0.11555	0.11763	-0.25027	-0.35134	-4.8568e-05	-0.083489	-0.21502	-0.015682	-0.098971	-0.01954	-0.090909	-0.15528	-0.071826	0.18352	0.085204	-0.71268	0.010368	0.0083354	-0.44491	-0.15157	-0.10704	-0.017506	-0.029218	-0.063483	0.047783	-0.050418	-0.45769	-0.20659	0.007324	-0.49381	0.044326	-0.019891	-0.067508	-0.089773	-0.0027852	-0.012287	-0.027391	-0.0025199	-0.52621	-0.17581	0.0050051	-0.28185	-0.39662	0.0045955	-0.030166	-0.56769	0.064267	-0.013322	-0.075958	-0.08059	0.0033129	-0.013875	-0.025482	6.9502e-05	-0.20291	-0.12085	0.0080956	-0.2355	-0.42162	-0.0324	-0.51085	0.010688	-0.051917	-0.034914	-0.012833	-0.37303	0.0043883	-0.001544	-0.70203	0.073079	0.26946	-0.067866	-0.14151	-0.081337	-0.01378	-0.1069	-0.015708	-0.24305	-0.033424	-0.0063588	-0.37853	-0.23352	0.1924	-0.045819	-0.11115	-0.026078	-0.42582	-0.031148	-0.59704	-0.030144
-0.00071309	-0.0010304	0.0090102	0.0069794	0.013915	0.0084276	0.0042263	-0.054383	0.022067	0.037737	0.0025641	0.0072612	0.075358	0.0062417	0.0096299	0.01037	0.0038255	-0.023084	-0.059892	-0.097413	0.52167	-0.057792	0.043849	-0.0051709	0.055559	0.0050341	-0.011483	-0.02837	-0.044477	-0.056634	0.013271	0.031226	8.0762e-05	0.016033	0.024628	0.0050276	0.012409	0.003464	0.0060467	0.016167	0.0032824	-0.0358	-0.011261	0.078212	0.0065234	-0.0034222	0.04649	0.015759	0.01191	0.0076292	0.0053399	0.0057483	-0.0068186	0.0055784	0.051634	0.020428	0.00045936	0.060998	-0.0028599	-0.00025568	0.0056965	0.0091848	0.00034086	0.0059064	0.0066458	0.0046305	0.058502	0.018833	-0.00060391	0.029502	0.040183	0.0042946	0.0040902	0.062287	-0.0051548	0.0033831	0.011524	0.010501	0.0028249	0.0032221	0.0027712	-0.00084657	0.023798	0.015246	-0.0028493	0.021262	0.047804	0.003405	0.061034	-0.0062656	0.0061832	0.0034689	0.0021246	0.040924	-0.00083957	-0.0022102	0.077838	-0.0066288	-0.032323	0.0047191	0.012641	0.015464	0.0067402	0.013919	0.0047299	0.029201	0.0030776	0.0032966	0.036384	0.023377	-0.037063	0.0095957	0.0098116	0.0048531	0.050281	0.0055019	0.069804	-0.010811
0.013188	0.026772	0.031165	0.061691	0.070221	0.032523	0.058483	-0.046293	0.35164	0.37885	0.012867	0.038705	0.68012	0.02441	0.067783	0.030564	0.010534	0.00031774	-0.089707	-0.16219	-0.057792	0.75186	0.3562	0.0059496	0.45168	0.045914	0.1815	-0.056985	-0.0039337	-0.19164	0.23488	0.34933	0.0028026	0.085857	0.22557	0.019738	0.095827	0.012156	0.086533	0.14356	0.063448	-0.20318	-0.090745	0.71871	-0.0072229	-0.0088779	0.44345	0.15448	0.10599	0.023177	0.03274	0.065487	-0.042939	0.054041	0.46215	0.20483	-0.00038819	0.50021	-0.040837	0.026295	0.069127	0.089949	0.006567	0.014149	0.029468	0.008656	0.52876	0.17808	-0.0063566	0.28272	0.39998	-0.0040352	0.031537	0.57422	-0.060392	0.01807	0.078128	0.078434	-0.0030649	0.014057	0.029809	0.00035796	0.2046	0.12413	-0.0064048	0.23851	0.43001	0.029177	0.51519	-0.014542	0.051044	0.03013	0.011606	0.37446	-0.0076113	0.0051119	0.70344	-0.077368	-0.26578	0.061075	0.1527	0.086534	0.015745	0.10855	0.01908	0.24866	0.035528	0.012009	0.38769	0.23382	-0.19606	0.036159	0.10816	0.026703	0.43548	0.033148	0.5883	0.01654
0.022335	0.09762	0.10992	0.23191	0.26237	0.1037	0.22843	-0.18399	1.3261	1.434	0.038222	0.1495	2.5905	0.086607	0.26184	0.065123	0.046031	0.20657	-0.06429	-0.51204	0.043849	0.3562	2.4609	0.015381	1.7218	0.15929	0.53053	0.11311	0.19016	-0.64523	0.90597	1.346	0.013453	0.32903	0.83392	0.06826	0.36701	0.05527	0.33957	0.56883	0.25247	-0.7893	-0.34648	2.7234	-0.029092	-0.026643	1.693	0.5963	0.42153	0.053709	0.12492	0.24587	-0.129	0.19517	1.7518	0.79443	-0.022332	1.9118	-0.16052	0.093184	0.24622	0.33684	0.022822	0.047344	0.10555	0.018012	2.0386	0.66689	-0.024368	1.0646	1.5142	-0.016858	0.12468	2.1849	-0.21396	0.074073	0.28378	0.30226	-0.0059241	0.06605	0.10991	0.015167	0.78112	0.45919	-0.022618	0.91079	1.6217	0.11634	1.9338	-0.080267	0.17813	0.12994	0.045722	1.4264	-0.026117	0.025261	2.6587	-0.32235	-1.0087	0.25246	0.56773	0.31245	0.065736	0.41508	0.070199	0.94345	0.13088	0.037708	1.4434	0.89828	-0.69953	0.16842	0.43825	0.10984	1.652	0.096126	2.2239	0.13938
0.0093118	0.019381	0.0083062	0.017998	0.019226	0.0010578	-0.002866	-0.0042158	0.037727	0.037411	0.0097814	0.020059	0.089784	0.0037525	0.0053548	-0.085594	-0.11083	-0.016807	-0.017003	-0.012397	-0.0051709	0.0059496	0.015381	0.64532	-0.11163	-0.0898	-0.13123	0.00081897	0.010393	-0.021892	0.031765	0.039205	0.0011757	0.017286	-0.0040063	0.0089611	0.02527	0.018921	0.017388	0.035114	0.0061614	-0.027086	-0.0098594	0.086909	0.010418	0.0042264	0.05273	0.0332	0.015314	-0.00552	0.0084005	0.012684	0.0016873	0.0085696	0.056417	0.028704	0.0011811	0.062142	-0.0078872	0.0070412	0.0067235	0.015554	0.0015412	0.0048645	0.013735	0.011579	0.064631	0.016019	-0.0017162	0.033477	0.048698	0.0064689	0.0063012	0.066423	-0.0047043	0.0034843	0.014644	0.013347	-0.0018878	0.0056589	0.0072963	0.0056797	0.026602	0.015329	-0.0027613	0.025876	0.052378	0.0092267	0.062178	-0.0039413	0.009224	0.0090657	0.0046198	0.042667	0.0030047	0.003138	0.085523	-0.014968	-0.037513	0.0072847	0.019729	0.014218	0.0094279	0.011724	-0.0010119	0.037349	0.0060556	0.0050991	0.043873	0.036298	-0.0072362	0.014784	0.0072545	0.009405	0.055281	-0.00465	0.060913	0.011069
0.021596	0.073606	0.097675	0.20235	0.22232	0.080677	0.20228	-0.1707	1.1603	1.253	0.006143	0.10505	2.2602	0.04409	0.2116	-0.0060502	0.053342	0.24397	-0.034075	-0.45435	0.055559	0.45168	1.7218	-0.11163	2.3823	0.041893	0.37553	0.15241	0.1765	-0.56916	0.79539	1.1742	-0.026271	0.23795	0.64817	0.014165	0.31039	0.04939	0.29395	0.49861	0.22273	-0.68994	-0.30128	2.3951	-0.026599	-0.023847	1.4886	0.51219	0.37285	0.04503	0.10975	0.21697	-0.12221	0.17267	1.5394	0.69326	-0.01281	1.6783	-0.14472	0.077558	0.22138	0.28933	0.016754	0.04357	0.095525	0.0065855	1.7962	0.58379	-0.016735	0.93268	1.3276	-0.017252	0.10522	1.9186	-0.18246	0.065305	0.25139	0.26357	-0.010157	0.062886	0.099201	0.014111	0.69076	0.40393	-0.025981	0.80346	1.4214	0.097549	1.7009	-0.068421	0.15138	0.10583	0.04235	1.2544	-0.02704	0.021883	2.3367	-0.27453	-0.89103	0.21825	0.49528	0.27095	0.059473	0.36159	0.06544	0.82189	0.11403	0.036146	1.2642	0.79128	-0.62581	0.1673	0.38148	0.089191	1.4492	0.07969	1.9699	0.12006
0.0071532	0.008976	0.014377	0.027752	0.024652	0.0072924	0.022211	-0.014808	0.1229	0.11975	0.0053507	0.010236	0.2118	-0.015427	0.016082	-0.023784	-0.00015174	0.020982	-0.0088226	-0.038723	0.0050341	0.045914	0.15929	-0.0898	0.041893	0.798	-0.065431	-0.00029343	0.015914	-0.052167	0.056072	0.081769	-0.068093	-0.036843	-0.0069505	-0.039877	0.014661	-0.014326	0.022057	0.040459	0.020395	-0.05465	-0.024822	0.23006	-0.0020273	-0.0026993	0.14117	0.033361	0.036827	0.0051469	0.010771	0.022765	-0.0063273	0.016058	0.14713	0.071963	-0.0013328	0.1618	-0.0089244	0.0047327	0.02522	0.030814	0.0056244	0.012725	0.010889	-0.0072765	0.1754	0.061556	0.002471	0.085049	0.12483	0.0019932	0.011031	0.18098	-0.012117	0.011058	0.023148	0.025854	-3.474e-05	0.0072993	0.011031	0.010388	0.062722	0.042009	-0.0003443	0.076043	0.13636	0.009344	0.163	-0.0059122	0.020115	0.0090215	0.0011872	0.12416	0.0024471	0.0057706	0.22581	-0.021311	-0.077495	0.018827	0.046583	0.026659	0.0055067	0.042093	0.013445	0.071087	0.012605	-0.00092374	0.11891	0.079639	-0.057352	0.017559	0.034414	0.0087844	0.13284	0.0032324	0.18724	0.012963
0.012724	0.034854	0.029013	0.061763	0.075738	0.037175	0.060729	-0.059943	0.34457	0.38494	0.0208	0.043471	0.67709	0.032641	0.069753	0.024464	0.024387	0.058743	-0.01751	-0.13984	-0.011483	0.1815	0.53053	-0.13123	0.37553	-0.065431	0.73045	-0.030495	0.030216	-0.17687	0.18307	0.28085	-0.061731	0.069888	0.2065	0.026651	0.09203	-0.0018934	0.064292	0.13357	0.06496	-0.19669	-0.080714	0.71905	0.0063327	-0.003101	0.44368	0.16506	0.11938	0.02223	0.040227	0.067212	-0.037869	0.052832	0.45662	0.20782	0.0022716	0.49613	-0.040917	0.024773	0.069657	0.090548	0.0081718	0.012136	0.036407	0.019032	0.52271	0.17435	-0.0092974	0.28264	0.39957	-0.006567	0.032791	0.57042	-0.062609	0.01952	0.077452	0.079659	0.0019076	0.012587	0.034939	0.0010307	0.2038	0.11761	-0.0059147	0.23598	0.42273	0.029284	0.5041	-0.015752	0.052984	0.035055	0.012777	0.36633	-0.0076389	0.0082894	0.69711	-0.075549	-0.26094	0.070219	0.15052	0.085249	0.020635	0.11121	0.022292	0.2531	0.036537	0.011794	0.35602	0.24157	-0.18309	0.051259	0.083572	0.024067	0.43485	0.023099	0.56947	0.035501
0.005856	0.010993	0.0085225	0.021042	0.023688	0.017395	0.023377	0.0066849	0.11991	0.12442	0.0018002	0.0098966	0.22349	0.0083461	0.022654	0.015867	0.024813	0.022476	-0.0095436	-0.048843	-0.02837	-0.056985	0.11311	0.00081897	0.15241	-0.00029343	-0.030495	0.41803	-0.06238	-0.070631	0.082345	0.11575	-0.0048426	0.024529	0.069566	0.0069868	0.029135	0.0053979	0.024771	0.038245	0.018436	-0.073421	-0.033478	0.22779	-0.0060323	-0.0019284	0.14555	0.051	0.036571	0.00084583	0.015845	0.019901	-0.015748	0.019382	0.15061	0.072674	0.00077924	0.16239	-0.0095285	0.011764	0.02874	0.031099	0.0023358	0.0074397	0.011938	0.0045357	0.17768	0.055523	0.0027499	0.09027	0.12938	0.0020526	0.01102	0.18916	-0.015488	0.0053527	0.026173	0.026916	-8.9558e-05	0.0060833	0.012268	0.0014332	0.066119	0.034316	-0.00019777	0.079842	0.13886	0.011995	0.16145	-0.0076215	0.014906	0.013476	0.0061818	0.12321	0.00037428	0.0078334	0.23028	-0.018207	-0.085894	0.025327	0.048713	0.027048	0.010341	0.035847	0.0081142	0.079617	0.011392	0.0045779	0.12317	0.066384	-0.055891	-0.015692	0.039256	0.0089393	0.13961	0.018367	0.19067	0.014917
0.0038808	0.010103	0.012864	0.02342	0.025637	0.0082051	0.024535	-0.026261	0.13165	0.1404	0.0014209	0.012187	0.25401	0.011457	0.029202	0.0085627	0.017616	0.023399	-0.023071	-0.11555	-0.044477	-0.0039337	0.19016	0.010393	0.1765	0.015914	0.030216	-0.06238	0.46783	-0.1155	0.067017	0.12327	-0.0026354	0.031152	0.088716	0.0097879	0.036552	0.0038823	0.029294	0.043294	0.01575	-0.10938	-0.042972	0.26619	-0.0026445	-0.0026364	0.1702	0.055904	0.043634	0.001255	0.02041	0.027198	-0.015029	0.023206	0.17	0.081646	-0.0017746	0.18713	-0.015256	0.007605	0.017912	0.032696	0.0039065	0.0065772	0.011162	0.0023648	0.20139	0.065653	-0.0027916	0.10522	0.15032	-0.0048367	0.012464	0.2155	-0.01408	0.008657	0.030809	0.030243	0.0044524	0.0053577	0.010089	0.0035716	0.072226	0.042971	-0.0035631	0.090522	0.15998	0.0098727	0.18226	-0.011551	0.020989	0.013754	0.0035721	0.13839	0.0040746	0.0033664	0.26045	-0.042615	-0.105	0.023944	0.061709	0.029044	0.0055346	0.039752	0.0090687	0.090348	0.014915	0.0024321	0.13879	0.08623	-0.064761	0.0074749	0.04503	0.01418	0.16403	0.004634	0.22239	0.016877
-0.00031876	-0.032098	-0.03499	-0.072475	-0.087057	-0.041685	-0.080308	0.074906	-0.42975	-0.47087	-0.010782	-0.044497	-0.84597	-0.026557	-0.088741	-0.022961	-0.048856	-0.10287	-0.0046443	0.11763	-0.056634	-0.19164	-0.64523	-0.021892	-0.56916	-0.052167	-0.17687	-0.070631	-0.1155	0.51751	-0.31086	-0.44622	-0.0021901	-0.10452	-0.27258	-0.021605	-0.11888	-0.014955	-0.10896	-0.19063	-0.095054	0.21939	0.10118	-0.89316	0.01004	0.011736	-0.55182	-0.19288	-0.13483	0.0016213	-0.049105	-0.080957	0.036386	-0.067629	-0.57093	-0.26515	0.006655	-0.62626	0.050398	-0.029346	-0.078102	-0.10792	-0.0054057	-0.016162	-0.036192	-0.0056979	-0.67087	-0.21903	0.0083661	-0.34442	-0.49423	0.0084436	-0.040179	-0.71379	0.064374	-0.030274	-0.098344	-0.096216	0.0018046	-0.01896	-0.039058	0.00029824	-0.25255	-0.14734	0.010727	-0.29829	-0.5312	-0.036982	-0.61818	0.029591	-0.059249	-0.040396	-0.016734	-0.464	0.012391	-0.013075	-0.86952	0.094864	0.31511	-0.089402	-0.17931	-0.10036	-0.022444	-0.1352	-0.024433	-0.30566	-0.03775	-0.014233	-0.46878	-0.29644	0.26123	-0.065427	-0.14183	-0.035183	-0.54157	-0.030898	-0.73058	-0.035496
0.010272	0.041749	0.050545	0.10315	0.1153	0.042687	0.10493	-0.092862	0.60259	0.65193	0.013759	0.062881	1.1771	0.045054	0.12066	0.045584	0.065309	0.13836	-0.012982	-0.25027	0.013271	0.23488	0.90597	0.031765	0.79539	0.056072	0.18307	0.082345	0.067017	-0.31086	0.89023	0.56327	-0.029039	0.14435	0.38126	0.03621	0.1617	0.003582	0.10609	0.14458	0.093091	-0.39624	-0.17618	1.2253	-0.035621	-0.024481	0.76987	0.27942	0.19467	0.026714	0.060435	0.11644	-0.063687	0.093155	0.79936	0.36643	-0.012543	0.8708	-0.07422	0.043367	0.11275	0.1504	0.0064092	0.023586	0.051726	0.013843	0.92252	0.30078	-0.010397	0.4878	0.68767	-0.0095453	0.058321	0.99586	-0.096871	0.034845	0.13145	0.13127	-0.0029986	0.028199	0.054085	0.008528	0.35323	0.21061	-0.010967	0.41563	0.73682	0.054411	0.8787	-0.040078	0.083906	0.058369	0.021926	0.65325	-0.010002	0.012475	1.2074	-0.14185	-0.46647	0.11282	0.2469	0.13988	0.031401	0.18672	0.034533	0.42899	0.056573	0.012186	0.63854	0.40434	-0.32264	0.082854	0.19587	0.050394	0.7502	0.050458	1.0212	0.067533
0.017664	0.061421	0.075038	0.15623	0.1792	0.071572	0.15596	-0.13373	0.89465	0.96962	0.017993	0.093927	1.7478	0.060908	0.178	0.064704	0.088945	0.19798	-0.022234	-0.35134	0.031226	0.34933	1.346	0.039205	1.1742	0.081769	0.28085	0.11575	0.12327	-0.44622	0.56327	1.3835	-0.060857	0.19545	0.56153	0.041088	0.22638	0.0021048	0.18877	0.3444	0.1619	-0.53504	-0.23749	1.8377	-0.04016	-0.034913	1.1346	0.3948	0.28287	0.035168	0.085161	0.16566	-0.085258	0.13677	1.1831	0.5405	-0.018935	1.2886	-0.098579	0.067732	0.17105	0.22444	0.016897	0.037521	0.071933	0.012452	1.3737	0.44763	-0.011418	0.71619	1.0219	-0.011084	0.080524	1.4727	-0.14343	0.044054	0.19263	0.20585	-0.0031794	0.043837	0.066447	0.012538	0.52933	0.31308	-0.017081	0.61663	1.0953	0.081438	1.3033	-0.050712	0.12141	0.086686	0.031116	0.96653	-0.015831	0.016463	1.801	-0.2042	-0.68012	0.16778	0.37641	0.20208	0.035108	0.28389	0.047698	0.63918	0.089441	0.01898	0.96561	0.60448	-0.48639	0.12358	0.28874	0.069596	1.1107	0.068434	1.5161	0.091009
0.0027678	0.0041206	0.0056602	0.0087104	0.0080949	0.010076	0.0017144	-0.00090031	0.0049836	0.0049299	0.0093171	0.009375	0.010809	-0.011861	-0.00032708	0.0028651	0.01246	0.0057122	0.0060928	-4.8568e-05	8.0762e-05	0.0028026	0.013453	0.0011757	-0.026271	-0.068093	-0.061731	-0.0048426	-0.0026354	-0.0021901	-0.029039	-0.060857	0.78343	-0.084744	-0.043981	-0.034311	-0.057394	-0.085324	-0.036948	-0.023229	-0.0026427	-0.0039735	-0.00088853	0.0077698	-0.0212	-0.030372	-0.0045597	-0.030201	-0.014697	0.012839	-0.0045501	0.0073332	0.013298	0.0070794	0.014555	0.0052419	-0.00017019	0.013397	0.00031948	0.0021333	0.0031205	0.0046071	0.0066303	0.0014447	0.0038602	-0.0088608	0.016305	0.0042751	0.0030939	0.0093022	0.0080341	0.0073727	0.0025481	0.016667	-0.0035925	0.0031619	-0.00023415	0.00074271	-0.0045857	0.00063607	0.0055676	0.011448	0.0089738	0.0055828	0.0057466	0.010646	0.0094052	0.003031	0.0034861	0.0016337	0.0065941	0.0071092	-8.4243e-05	0.0076696	0.0049438	0.0020487	0.016874	0.0075362	0.0011698	0.0047988	-0.0011575	-0.0015345	-0.0019021	0.0026209	0.0040858	-0.0013416	-0.0017637	-0.013624	0.0057953	0.004936	-0.0059755	0.0020656	0.0035085	0.0014453	0.0039641	0.0042792	0.011278	0.0038845
0.0060367	0.016519	0.017214	0.039356	0.042268	0.022751	0.043384	-0.031598	0.21837	0.23645	0.0092266	0.02404	0.42462	-0.024028	0.037735	0.018068	0.02674	0.047324	-0.0059534	-0.083489	0.016033	0.085857	0.32903	0.017286	0.23795	-0.036843	0.069888	0.024529	0.031152	-0.10452	0.14435	0.19545	-0.084744	0.82081	0.057953	-0.068579	0.0046829	-0.033123	0.041536	0.084323	0.041316	-0.12373	-0.057292	0.45063	-0.0041564	-0.017879	0.26749	0.015205	0.030818	0.017922	0.028145	0.044111	-0.017908	0.03126	0.28068	0.12841	-0.010084	0.30983	-0.020266	0.017231	0.043192	0.060541	0.0097386	0.0056576	-0.0027385	-0.038734	0.34237	0.11856	-0.0037324	0.17274	0.24724	-0.0034178	0.023656	0.36166	-0.029536	0.013285	0.04659	0.049198	0.0095848	0.016861	0.030064	0.0056033	0.12977	0.087994	-0.0071902	0.15206	0.26405	0.013505	0.32268	-0.0078519	0.030591	0.024341	0.0049906	0.23898	-0.0012241	-0.0013847	0.44318	-0.055941	-0.15835	0.046814	0.091503	0.05159	0.013765	0.063543	0.011476	0.15287	0.014571	0.0022052	0.23586	0.14615	-0.11722	0.029033	0.078427	0.015193	0.26558	0.023158	0.36881	0.02069
0.0059818	0.021542	0.040986	0.084309	0.10834	0.050468	0.094658	-0.080912	0.56185	0.60704	0.0056577	0.046707	1.0797	-0.029454	0.089976	-0.00071142	0.047326	0.12207	-0.015491	-0.21502	0.024628	0.22557	0.83392	-0.0040063	0.64817	-0.0069505	0.2065	0.069566	0.088716	-0.27258	0.38126	0.56153	-0.043981	0.057953	1.1571	-0.057958	0.14198	0.017963	0.1371	0.24267	0.10922	-0.3296	-0.1447	1.1589	-0.0098142	-0.0090986	0.71765	0.20307	0.16675	0.01157	0.058028	0.10859	-0.050843	0.087442	0.74768	0.33326	-0.010464	0.81028	-0.073573	0.036944	0.10489	0.13938	0.0076479	0.022992	0.026363	-0.046236	0.87366	0.29221	-0.0060767	0.45854	0.65081	-0.0029335	0.054946	0.92647	-0.086857	0.029493	0.11925	0.12552	-0.0037774	0.032903	0.054904	0.0035292	0.33204	0.20851	-0.0063583	0.37552	0.68838	0.054023	0.82106	-0.032271	0.073186	0.057001	0.022103	0.60812	-0.0054129	0.0097903	1.1303	-0.13747	-0.43139	0.1069	0.23971	0.13325	0.03013	0.18289	0.022859	0.39478	0.05156	0.021266	0.60993	0.38117	-0.30515	0.079844	0.18863	0.044206	0.69272	0.042685	0.95779	0.061032
-0.013195	-0.020156	-0.0040023	0.0052368	0.013251	0.0092915	0.01037	-0.0061079	0.047007	0.052996	-0.0015224	-0.0027482	0.073268	-0.061168	-0.0071249	-0.0083089	0.0092845	0.017716	0.0063853	-0.015682	0.0050276	0.019738	0.06826	0.0089611	0.014165	-0.039877	0.026651	0.0069868	0.0097879	-0.021605	0.03621	0.041088	-0.034311	-0.068579	-0.057958	0.76684	-0.01897	-0.010527	0.011223	0.020717	0.011227	-0.025418	-0.0061763	0.0989	0.0037319	0.0035259	0.058268	-0.073684	-0.023866	-0.0029449	0.00065261	0.0096588	0.0014739	0.010153	0.062565	0.032541	-0.01102	0.072461	-0.0033659	0.0033726	0.013222	0.0098647	0.0069824	-0.0083418	-0.035664	-0.081701	0.072436	0.037944	0.012027	0.042772	0.054136	0.0038482	0.0052542	0.080847	-0.0023218	0.0097397	0.010038	0.0085184	0.0014172	0.0098828	0.010261	-0.0080664	0.030683	0.020469	0.004837	0.029313	0.057368	0.0063029	0.06156	-0.0042465	0.0081548	0.0074658	0.0029453	0.052707	0.0090222	0.0056929	0.095847	-0.01216	-0.034683	0.01715	0.016003	0.011766	-0.0014097	0.020505	-7.0068e-05	0.034979	0.0034871	-0.00035395	0.054941	0.032023	-0.033412	0.0094307	0.022163	0.0082528	0.056652	0.007768	0.080543	0.009508
