0.40487	-0.063826	-0.023058	0.00028845	0.0063428	0.0046802	0.0045542	0.00083358	0.00072506	0.0032079	0.004179	-0.002251	-0.02605	-0.00074343	0.013277	0.0014944	-0.0046681	0.0024071	0.0023266	0.0063666	0.0025713	0.0062433	0.0049908	0.0017677	0.0022766	0.0020405	0.0012294	0.0065405	0.0059282	0.0060613	0.0032504	0.0020457	0.0030925	-0.0029432	-0.0017873	0.00048517	0.0083177	-2.4938e-05	-0.00043128	0.0052214	0.0022976	0.0068792	-0.0049973	0.0021403	0.0053911	-0.0047811	0.0011057	0.003999	0.0052439	0.012305	0.004697	0.0048411	0.0053374	0.0015054	0.0020884	0.0043213	-0.0028151	-0.054144	-0.052893	-0.11696	-0.026135	0.010697	0.0081795	0.0019627	-0.00014933	-0.00062783	0.0045039	-0.00098986	0.00048851	0.0040662	0.0038664	0.0067119	-0.0012188	-0.039688	-0.036341	0.0026292	0.0080162	0.0057151	0.0034342	0.0058002	0.0042245	0.00029881	0.0062439	0.00064851	0.00044698	0.0077894	-0.00081631	-0.0028329	0.0014516	0.0012287	0.000711	0.00072515	0.0028343	-0.002978	0.0079793	0.0059279	0.0010225	0.0065348	0.0052753	0.0044447
-0.063826	0.48472	-0.063657	-0.0053016	0.0063651	0.0050761	0.0097798	0.001309	0.0057041	0.0031395	-0.014	-0.045079	-0.072733	-0.031063	0.009289	0.0038757	-0.0073475	0.0011833	0.0042668	0.010405	0.0041998	0.0054422	0.0090383	0.00032094	0.0026433	0.0078076	0.0022621	0.011611	-0.019986	0.0067421	0.0039438	0.001605	0.004758	0.00015883	-0.0025435	-0.0075929	0.015587	0.00039529	-0.0012675	0.0074851	0.0054391	0.007219	0.0031006	0.0037965	-0.00065839	0.0034625	-0.00093107	0.0079512	0.0090154	-0.00019278	0.005085	0.0058881	-0.0044847	0.0026031	-0.00064226	0.0058427	0.0037441	-0.015451	-0.056437	-0.032946	0.0052815	0.0099164	0.011549	0.0083008	-0.0024958	0.0050105	0.010042	0.0002761	-0.0045395	0.0010622	-0.00042931	0.0057638	0.0059369	-0.025473	-0.049972	0.0067485	0.011442	0.0050977	0.0048765	0.010757	0.0051293	0.0014132	0.0063969	-3.3628e-05	0.00074861	0.01359	-0.00095883	-0.006312	0.0010751	0.0042407	0.0016059	-0.00071567	0.002737	-0.011537	-0.0020816	0.0072629	0.0044429	0.0094954	0.0076162	0.0048769
-0.023058	-0.063657	0.53848	-0.0079366	-0.017387	0.0029062	0.008028	0.002657	0.0047985	0.00027267	-0.018253	-0.036188	-0.036465	-0.022701	-0.0027769	0.0041172	-0.0039045	-0.000751	0.0031036	0.013927	0.0041736	0.0035313	0.013145	-0.00046634	0.0055504	0.0098307	0.0026757	0.0069514	0.0075109	0.0029658	0.001691	0.0012389	0.0026687	0.00045778	-0.0060018	0.0019282	0.01303	0.002366	0.001021	0.013534	0.011875	0.0034779	0.0030641	-0.0019516	0.005577	-0.0051144	0.0037503	0.0079137	-0.0056735	-3.9688e-05	0.0035218	0.0049159	0.0059368	0.0019233	-0.00036405	0.008506	0.0050481	0.0089043	-0.011381	0.0087849	0.014149	0.0011479	0.0058371	0.0077572	0.0030886	0.003353	0.0072058	-0.00095236	0.0019902	0.0031853	0.0023348	-0.00038563	0.0024847	-0.039421	-0.081828	-0.031031	0.0060731	0.004853	0.0079807	0.011582	0.005139	0.001506	0.0089841	0.0052811	0.00087995	0.015435	-0.0032993	-0.0042277	0.0038709	0.0037246	0.0055319	0.003469	-0.0028304	-0.060249	-0.029949	-0.036164	-0.0025831	0.012208	0.0054486	-0.0088984
0.00028845	-0.0053016	-0.0079366	0.13935	-0.0066545	0.0034969	0.0090435	0.0022208	0.0023214	7.7994e-05	-0.01109	0.0053185	-0.0023357	-0.0039533	-0.0089422	0.006097	-0.0075904	-0.00056167	0.005842	0.015474	0.003501	0.0041856	0.0048236	0.0026521	0.0052704	0.012218	0.0013719	0.0085281	0.0041359	0.0040182	0.001352	0.0032529	0.0057423	0.0011068	-0.0060759	-0.0023744	0.019399	0.0010692	-0.00034948	0.013201	0.004791	0.003713	0.0026929	0.0031733	0.0041047	-0.00013101	0.0022895	0.01162	0.0066672	0.0016678	0.011354	0.0010881	0.0009452	0.0036202	0.0024547	0.002331	0.0011766	0.0028366	-0.00013094	0.013269	0.0054661	5.4967e-06	0.0068206	0.01	0.0003719	0.0035523	0.014806	0.0016784	0.0036743	0.0067326	0.0067394	0.00053565	0.00061999	0.0024476	-0.0032855	0.0042956	0.0041706	0.00098533	0.011264	0.013274	0.0044817	0.00041738	0.011295	0.0012917	0.00027054	0.019739	-0.002055	-0.0083487	0.0017765	0.0050659	0.0038314	0.0020363	0.0050083	-0.0049291	0.0030357	0.00019599	-0.00018121	0.012666	0.010361	0.0024728
0.0063428	0.0063651	-0.017387	-0.0066545	0.24556	-0.0036597	0.010677	0.0016505	-0.0084049	-0.00079058	-0.023827	0.022925	0.0078559	-0.0041582	-0.032638	0.0096422	-0.020184	-2.4873e-05	0.0095419	0.032385	0.0098389	0.011431	0.013062	0.0010064	0.013492	0.022991	0.0037876	0.019239	0.01106	0.0081434	0.004295	0.0065318	0.0096007	0.0032093	-0.010999	-0.0052868	0.035145	0.0011623	0.00049295	0.022659	0.0099837	0.0064549	0.00297	0.0051697	0.0072666	-0.00065012	0.0054827	0.023665	0.012422	0.0019906	0.025493	-0.00071654	0.0045011	0.00438	0.0081574	0.0042666	0.0014735	0.0063489	0.0077841	0.027903	0.0074616	0.0042053	0.015682	0.020236	-0.00050373	0.0036515	0.03047	0.0022049	0.0068259	0.0095248	0.0049592	0.0022428	0.0017677	0.011139	0.0054469	0.015395	0.013376	0.00046972	0.02	0.027851	0.010515	0.0023608	0.022303	0.0037289	-0.00025232	0.040128	-0.0058127	-0.016305	0.0077772	0.0098365	0.0075873	0.0053827	0.010142	-0.012093	-0.015407	-0.0035932	-0.0058917	0.021032	0.016201	-0.0084137
0.0046802	0.0050761	0.0029062	0.0034969	-0.0036597	0.10404	0.017017	0.0024322	0.0017428	0.0071475	-0.0020786	0.044505	0.01152	0.0098095	0.0085721	0.011175	-0.031139	0.00055907	0.012102	0.03825	0.010416	0.010053	0.011293	0.0032651	0.01605	0.025332	0.0010381	0.022048	0.0094737	0.010352	0.0022116	0.0092739	0.012375	0.0026482	-0.015906	-0.0049784	0.046905	0.0028776	0.00043157	0.030507	0.010128	0.0097354	0.0048075	0.0035155	0.006847	-0.00025255	0.0053453	0.030905	0.016318	0.0025959	0.033344	0.0013971	0.0030127	0.0077038	0.0085566	0.0040483	0.0036725	0.0042906	0.0042775	0.033571	0.012546	0.0038248	0.019929	0.025466	0.00024026	0.0055749	0.037613	-0.0016216	0.0080831	0.015027	0.0093652	0.0030416	0.0043092	0.0044969	0.0045261	0.01722	0.0091724	0.00043488	0.02688	0.036263	0.01153	0.0032246	0.026969	0.0023769	0.001319	0.048344	-0.0067199	-0.020566	0.0060959	0.012306	0.0057416	0.0031182	0.0098538	0.0029942	0.020735	0.0073502	0.00038945	0.030557	0.023823	0.010803
0.0045542	0.0097798	0.008028	0.0090435	0.010677	0.017017	0.13361	-0.011631	-0.00086904	0.016802	0.0034634	0.069558	0.015479	0.017523	0.017298	0.021863	-0.037406	-0.0011824	0.018669	0.060502	0.017667	0.015962	0.015715	0.00082042	0.024694	0.040214	0.0035531	0.032177	0.014202	0.014426	0.0055628	0.011925	0.019789	0.0032113	-0.028323	-0.0065748	0.074857	0.0042075	0.0014664	0.048825	0.015189	0.01304	0.0049335	0.0067115	0.011003	-0.0028637	0.0088685	0.049174	0.022349	0.0045994	0.051989	0.00026916	0.0076219	0.01039	0.015468	0.0042212	0.0062327	0.0089647	0.0047978	0.051776	0.021501	0.003131	0.032527	0.040776	0.00044655	0.0056919	0.060296	0.00045557	0.014473	0.020422	0.012357	0.0039943	0.0053815	0.0048181	0.0073365	0.02417	0.013539	0.0029901	0.043168	0.055293	0.016767	0.0051034	0.044537	0.0012481	0.0020059	0.075618	-0.010484	-0.034763	0.0075575	0.018553	0.010219	0.0043373	0.015173	0.0034154	0.037086	0.012833	-0.0013813	0.049483	0.036733	0.022109
0.00083358	0.001309	0.002657	0.0022208	0.0016505	0.0024322	-0.011631	0.089731	-0.0050073	0.0033365	0.0014015	0.012251	0.0018938	0.0044369	0.0029163	0.0036709	-0.017601	-0.0030816	0.0024332	0.010604	0.0027991	0.002309	0.0025047	-0.0025655	0.0037658	0.0072686	0.00046002	0.006633	0.0031913	0.0021529	0.0017387	0.0018089	0.0035263	0.00011317	-0.007135	-0.0032299	0.011899	0.00302	-0.00059328	0.0091566	0.0029588	0.0032914	0.0018142	0.0028089	0.0018571	-0.0019753	0.0022742	0.010164	0.0044389	0.00021828	0.010451	-0.0008579	-0.00049923	0.002134	0.0021169	0.0014166	0.0011083	0.0013073	0.0010994	0.0099665	0.0038525	0.0015756	0.0056406	0.0090151	-2.5235e-05	0.002389	0.012055	-0.00046985	0.0033817	0.0033915	0.0024258	0.0017351	0.00033807	0.0013018	0.001659	0.0028923	0.0038184	0.00062393	0.0074058	0.010733	0.003242	-0.00042927	0.0081352	0.0018515	0.00013756	0.014336	-0.0038159	-0.010487	-0.0013831	0.0011727	0.0015223	0.001242	0.0034271	0.0018143	0.0066426	0.0028387	-0.00056024	0.0086057	0.0070571	0.0028452
0.00072506	0.0057041	0.0047985	0.0023214	-0.0084049	0.0017428	-0.00086904	-0.0050073	0.16518	-0.00061063	-0.0029054	0.02024	0.0096107	0.0045992	-0.015438	0.0035	-0.030362	-0.0040883	0.00083241	0.010364	-0.0015499	0.0043014	-0.0017449	-0.01035	0.0062123	0.011007	0.0024041	0.0079826	0.0057537	0.0045575	0.0026411	0.0040121	0.0046881	-0.0038582	-0.01777	0.00014823	0.01994	0.0010573	-0.00025345	0.012381	0.0043095	0.0019794	0.0022867	0.0026586	0.0048907	-0.0035668	0.002944	0.011965	0.0053698	-0.0011081	0.011445	0.00098291	0.0021149	0.0040319	0.0034192	0.0047307	0.0025909	0.00093432	0.0011871	0.011918	0.0021138	0.0027898	0.0091392	0.0092327	0.0018752	0.00050156	0.016015	-0.001989	0.0010804	0.0047116	0.0027498	0.0013332	0.0022757	0.00058037	0.004885	0.0065092	0.0028458	0.0028903	0.01091	0.013473	0.0065361	0.0016138	0.011196	0.0011806	0.0010696	0.019826	-0.0017922	-0.021047	-0.0052199	-3.6186e-05	0.002903	0.0035413	0.0037208	0.001942	0.004635	0.0028605	-0.0013109	0.010668	0.0073141	0.0011674
0.0032079	0.0031395	0.00027267	7.7994e-05	-0.00079058	0.0071475	0.016802	0.0033365	-0.00061063	0.095794	-0.01322	0.023919	0.0031336	0.00089687	-0.0073121	0.0073975	-0.014666	0.00038014	0.0077549	0.02685	0.0068208	0.0072595	0.0084749	0.0031206	0.010601	0.016599	0.0023702	0.013899	0.0082214	0.0073572	0.0034563	0.0057157	0.0095007	0.00098411	-0.011103	-0.0018651	0.031259	0.0029357	0.00094395	0.021255	0.0068796	0.0052521	0.0021858	0.0037907	0.0057082	-0.0027001	0.0035468	0.020198	0.012497	0.0019361	0.024738	8.5368e-05	0.0010305	0.0044749	0.0070803	0.0026007	0.0018815	0.0055776	0.0018405	0.023248	0.0086828	0.0024733	0.014055	0.01876	0.0010787	0.0029494	0.027385	0.00032795	0.0056788	0.0090905	0.0059595	0.0024472	0.0013317	0.0035635	0.0052961	0.009625	0.0069102	0.0011368	0.018045	0.025847	0.0078884	0.0034239	0.019849	0.0016135	0.00069123	0.03256	-0.004841	-0.014126	0.0040193	0.0083885	0.005829	0.0035807	0.0060433	0.0024085	0.017334	0.0066996	0.0011406	0.023443	0.016763	0.009451
0.004179	-0.014	-0.018253	-0.01109	-0.023827	-0.0020786	0.0034634	0.0014015	-0.0029054	-0.01322	0.24064	-0.027018	-0.0201	-0.028942	-0.053277	0.00055633	0.0036347	0.0039158	0.001548	0.0050017	-0.00092019	0.0015964	0.0087687	0.0010397	0.0038781	0.0052032	0.0015659	0.00361	0.00016008	0.0041749	0.0031253	0.0025916	0.0021125	-3.9857e-05	-0.0065388	-0.0028266	0.0047594	0.0023012	0.00024721	0.005157	0.0034044	0.0032715	-0.0017921	-0.0022826	0.00026961	0.013531	-0.0014323	0.0053798	0.0048995	-0.0027764	0.01227	-0.0032201	0.00092166	0.0029205	0.0014744	-0.001587	0.0053341	0.0024268	0.0011702	0.0086111	0.0019078	0.0024481	0.00081179	0.0066727	0.0022685	-0.00025043	0.0033342	0.0020843	0.0053476	0.0034073	0.00079534	-0.0020917	0.0020455	-0.0020577	-0.00047225	0.0025368	0.0027084	0.002756	0.0036956	0.0022568	0.003917	0.00072469	0.0064672	0.0012398	0.00086965	0.0038292	-0.00010999	-0.0013074	-0.0017373	0.0032438	0.00036964	0.0015906	0.0024455	-0.00025178	-0.0046739	0.0043625	0.0044004	0.0079306	0.0019487	0.0020122
-0.002251	-0.045079	-0.036188	0.0053185	0.022925	0.044505	0.069558	0.012251	0.02024	0.023919	-0.027018	0.49237	-0.045573	-0.012263	-0.010605	0.035883	-0.057021	0.0017801	0.030874	0.10426	0.031171	0.02634	0.030533	0.0037035	0.04	0.067445	0.0050489	0.05296	0.0020997	0.025731	0.0058506	0.022166	0.033557	0.0075637	-0.049494	-0.014269	0.1278	0.0073539	0.0011631	0.08371	0.030232	0.026568	0.0050496	0.0091832	0.013903	-0.0038841	0.01548	0.082297	0.036289	0.011078	0.0869	-0.004731	0.010656	0.016424	0.024879	0.0061987	0.010805	0.008278	-0.016779	0.09411	0.031194	0.00032864	0.051835	0.064256	0.0013641	0.010554	0.10234	-0.01074	0.023007	0.036367	0.021791	0.0054592	0.007331	0.016233	-0.012407	0.044097	0.027278	0.0011466	0.070719	0.10001	0.026569	0.0059036	0.074769	0.00086556	-0.00026631	0.12872	-0.020114	-0.059431	0.015569	0.033607	0.017144	0.009608	0.026155	-0.0033331	0.064941	0.020483	0.00077731	0.085779	0.0644	0.04296
-0.02605	-0.072733	-0.036465	-0.0023357	0.0078559	0.01152	0.015479	0.0018938	0.0096107	0.0031336	-0.0201	-0.045573	0.68344	-0.041316	-0.032203	0.0075118	-0.010455	0.0013088	0.0077841	0.018371	0.0024388	-0.024665	-0.0037893	0.0067549	0.0097975	0.013419	-0.0017358	-0.016186	-0.14536	0.0012571	0.0049375	0.0064814	0.0079401	0.0011704	-0.0074676	0.0055387	0.026698	0.0035318	0.00035947	0.018209	-0.021643	0.0045828	0.0016838	0.0011005	0.0049371	-0.013228	0.006335	0.018198	0.0018569	0.016526	0.016654	0.0012965	0.0043393	0.0071753	0.0068832	0.0074184	-0.0039607	-0.017706	-0.10965	0.012025	0.006504	0.0031805	0.0060828	0.0093785	0.0044272	-0.0019558	0.020278	0.001938	0.0035734	0.003891	0.0062705	0.0054605	-0.00028253	0.025687	-0.01273	0.0081221	0.0067622	0.0022406	0.01121	0.021224	0.0031442	0.0032649	0.01529	0.0006766	0.0014255	0.023775	-0.0037681	-0.0099606	0.0022501	0.0057694	0.0047707	0.0061283	0.0060774	-0.00038546	0.017256	0.008273	0.00291	0.01749	0.012309	0.010882
-0.00074343	-0.031063	-0.022701	-0.0039533	-0.0041582	0.0098095	0.017523	0.0044369	0.0045992	0.00089687	-0.028942	-0.012263	-0.041316	0.327	-0.048246	0.0082555	-0.012872	0.00091231	0.007855	0.026534	0.0034985	0.00015836	0.0060888	0.0025901	0.01166	0.017181	-0.00083253	0.010435	-0.014031	0.0051784	0.0048804	0.0072337	0.0095155	0.0053505	-0.0098914	-0.0032475	0.028554	0.003728	0.00018176	0.019245	0.008807	0.0076615	0.0030727	0.004089	0.0050767	-0.002855	0.00334	0.019492	0.011452	0.0057485	0.024039	-0.0003546	0.0018659	0.0034601	0.0055499	0.0023767	0.0029661	0.0048761	-0.011211	0.027398	0.010162	0.00077245	0.013699	0.017031	0.00079978	0.0057667	0.025213	0.0016235	0.0031184	0.0087238	0.0046958	0.0021242	0.0016724	0.0065563	-0.0020626	0.014169	0.0084545	0.00035009	0.018042	0.025347	0.0082247	0.0014888	0.018479	0.0031842	0.0011877	0.032552	-0.0054826	-0.014548	0.0047188	0.0076956	0.0044638	0.0030139	0.0072431	-0.0022583	0.013052	0.010929	0.0024671	0.022457	0.017118	0.011583
0.013277	0.009289	-0.0027769	-0.0089422	-0.032638	0.0085721	0.017298	0.0029163	-0.015438	-0.0073121	-0.053277	-0.010605	-0.032203	-0.048246	0.34347	0.0033927	-0.013456	-0.0017747	0.0092819	0.016298	-0.011196	-0.025899	-0.026869	0.0024701	0.016494	0.026615	0.0004973	0.017698	0.00074562	0.0096314	0.0046931	0.010709	0.011723	0.0024387	-0.0056207	-0.0035927	0.036265	0.0020834	0.0028841	0.022213	0.016082	0.0092828	0.0054966	0.0035304	0.0072398	-0.0076302	0.0070691	0.02591	0.008047	0.0018001	0.027192	0.0036094	0.0016657	0.0042004	0.0086255	0.0039166	0.0050041	0.013685	0.012053	0.030996	0.0071542	-0.0019168	0.016775	0.022705	-0.00098054	0.0032047	0.029261	0.00011089	0.0067272	0.010936	0.008496	0.00098636	0.0022007	0.0074914	0.012556	0.01659	0.0048514	0.00040871	0.020869	0.02969	0.007872	0.0030323	0.022091	0.00027996	0.0005732	0.036825	-0.0059589	-0.014817	0.0063811	0.011904	0.0058346	0.00068204	0.0069767	0.0087301	0.021321	0.018448	0.0079175	0.027926	0.021176	0.019021
0.0014944	0.0038757	0.0041172	0.006097	0.0096422	0.011175	0.021863	0.0036709	0.0035	0.0073975	0.00055633	0.035883	0.0075118	0.0082555	0.0033927	0.0813	-0.035469	-0.0050092	0.009827	0.02347	0.0078519	0.0071339	0.007267	0.0028686	0.014077	0.021147	0.0013576	0.017372	0.0080365	0.0078714	0.0026764	0.0059701	0.010039	0.0027808	-0.012611	-0.0042604	0.040308	0.0021312	0.00088833	0.026736	0.0078428	0.0072982	0.0036897	0.0029869	0.005889	-0.0013759	0.0040759	0.024547	0.012196	0.0035756	0.028682	0.0012889	0.0036359	0.0058213	0.008642	0.0034652	0.0024066	0.0053551	0.0028971	0.029164	0.011557	0.0021776	0.016367	0.022188	0.0014872	0.004957	0.032211	-0.0029108	0.0079947	0.010557	0.0066604	0.0019602	0.0025185	0.0039782	0.0030336	0.012537	0.0081498	0.0021343	0.022003	0.030283	0.0091281	0.0034254	0.023732	0.00063585	0.0014308	0.039862	-0.0056289	-0.016302	0.0057706	0.011008	0.0062106	0.002134	0.0064871	0.0026641	0.022904	0.0083644	-0.00080076	0.027815	0.021603	0.013659
-0.0046681	-0.0073475	-0.0039045	-0.0075904	-0.020184	-0.031139	-0.037406	-0.017601	-0.030362	-0.014666	0.0036347	-0.057021	-0.010455	-0.012872	-0.013456	-0.035469	0.21935	-0.033433	-0.014704	-0.063095	-0.017855	-0.011222	-0.014821	-0.015947	-0.023974	-0.033927	-0.0015875	-0.025765	-0.012413	-0.011948	-0.0046653	-0.0098867	-0.017077	-0.010083	0.0083214	0.0058775	-0.062519	-0.00063029	-0.0004452	-0.043043	-0.015318	-0.010517	-0.0034826	-0.0042904	-0.0059534	-0.0038477	-0.008024	-0.043252	-0.018893	0.0011684	-0.046898	0.0019662	-0.0024449	-0.0087655	-0.010946	-0.0041129	-0.0035476	-0.0083802	-0.00065152	-0.047937	-0.01618	-0.0021565	-0.024675	-0.034458	0.0010113	-0.0048148	-0.051621	0.0044347	-0.014355	-0.018693	-0.0081055	-0.0023685	-0.00072575	-0.0072399	-0.0061963	-0.019595	-0.012512	-0.00058284	-0.03744	-0.046969	-0.011668	-0.0021885	-0.038233	-0.00076895	-0.0030615	-0.063644	0.0086305	0.0097217	-0.014469	-0.022045	-0.0061907	-0.0038103	-0.010895	-0.0024279	-0.03518	-0.010967	0.00022256	-0.046292	-0.03363	-0.022632
0.0024071	0.0011833	-0.000751	-0.00056167	-2.4873e-05	0.00055907	-0.0011824	-0.0030816	-0.0040883	0.00038014	0.0039158	0.0017801	0.0013088	0.00091231	-0.0017747	-0.0050092	-0.033433	0.11186	-0.0097485	-0.0035651	-0.00075266	0.00047256	-0.0023102	-0.0058822	-0.00079094	0.00087004	-0.00018391	0.0010558	-0.00020595	0.00076068	-0.00042679	0.0020211	0.00024385	-0.002314	-0.005748	-0.0011191	-2.2441e-06	-6.8384e-05	0.0013271	0.0011054	0.0016581	0.00095288	-0.00032291	0.00028359	-0.0017755	0.0045647	-0.00094411	0.00029318	0.0018647	0.00015955	0.0047413	-0.0017546	-0.0027838	0.00045672	0.00011001	0.00070299	0.00094327	0.00061225	0.0006975	-3.0237e-05	-0.00052163	0.001899	0.0014718	0.0029113	-0.00059936	0.0015546	0.0012468	0.0073938	-0.0012443	0.0011087	-0.00057707	0.00092421	0.00011878	0.0013305	-0.00093299	0.0015567	0.00093946	6.4026e-05	0.0014143	-0.00051549	-0.0024234	-1.7663e-05	0.0011315	0.0017108	0.00045791	0.0024407	-0.0013452	-0.0052698	-0.0020585	-0.0012414	0.00039868	-0.00037545	0.0017281	-0.00029091	0.0014143	0.00071915	-8.7257e-05	0.00077904	0.00056122	0.0012052
0.0023266	0.0042668	0.0031036	0.005842	0.0095419	0.012102	0.018669	0.0024332	0.00083241	0.0077549	0.001548	0.030874	0.0077841	0.007855	0.0092819	0.009827	-0.014704	-0.0097485	0.080495	0.0069829	0.0069689	0.007107	0.00040052	-0.0059451	0.01005	0.016913	0.00013769	0.015021	0.0068535	0.0070433	0.0037386	0.0051535	0.0086364	0.00099541	-0.012241	-0.0028799	0.033477	0.0031531	0.00068494	0.021421	0.0069528	0.0063409	0.0025004	0.00396	0.0060771	-0.0033588	0.0048627	0.02237	0.010903	0.0021605	0.024603	-0.00042632	0.0028682	0.005411	0.0076185	0.002202	0.0029962	0.0038972	0.0026389	0.023706	0.0084165	0.002851	0.013608	0.018007	0.0012978	0.0036304	0.027628	-0.00037093	0.0057068	0.0093686	0.0056364	0.0012585	0.0033277	0.0030555	0.0037708	0.0097508	0.0062993	0.0020451	0.020195	0.024715	0.0086086	0.0018332	0.020336	0.0020995	1.9006e-06	0.033454	-0.005073	-0.015506	0.0037586	0.0082945	0.00539	0.0028407	0.0059213	0.0031317	0.018784	0.0064179	0.0017748	0.022833	0.01801	0.010555
0.0063666	0.010405	0.013927	0.015474	0.032385	0.03825	0.060502	0.010604	0.010364	0.02685	0.0050017	0.10426	0.018371	0.026534	0.016298	0.02347	-0.063095	-0.0035651	0.0069829	0.22408	0.010903	0.016423	0.002805	-0.0073601	0.038865	0.059008	0.0043353	0.048214	0.024936	0.022979	0.0071097	0.021549	0.02918	0.0057527	-0.041276	-0.011103	0.1098	0.0052211	-0.00056381	0.073387	0.025476	0.018762	0.010484	0.010341	0.015698	-0.0010549	0.014737	0.075533	0.033063	0.0046874	0.072415	0.0024122	0.011874	0.014415	0.021826	0.0091913	0.0083063	0.01261	0.0051767	0.080322	0.029114	0.0061252	0.048664	0.061228	0.0016228	0.012859	0.087714	-0.0088855	0.023287	0.032457	0.017869	0.0055047	0.006073	0.0073501	0.011051	0.035665	0.022816	0.0004527	0.062048	0.085181	0.027559	0.0067736	0.06627	0.0036503	0.0024575	0.11568	-0.016631	-0.051465	0.011898	0.02913	0.016331	0.0051665	0.020896	0.007758	0.061086	0.019523	0.00012711	0.076698	0.059088	0.036577
0.0025713	0.0041998	0.0041736	0.003501	0.0098389	0.010416	0.017667	0.0027991	-0.0015499	0.0068208	-0.00092019	0.031171	0.0024388	0.0034985	-0.011196	0.0078519	-0.017855	-0.00075266	0.0069689	0.010903	0.14124	-0.0092049	-0.01877	-0.0073202	0.011629	0.015269	1.9702e-05	0.011204	0.0030346	0.0061349	0.0038982	0.0052476	0.0086742	0.0027867	-0.01045	-0.0040541	0.033247	0.0036146	0.00057994	0.021883	0.0080154	0.007589	0.00087301	0.0049855	0.0031183	-0.0011485	0.004182	0.022475	0.010647	0.00014757	0.024719	0.00044226	0.0014141	0.0051632	0.007691	0.001069	0.0035723	0.0046478	0.0021692	0.021683	0.010353	0.005317	0.013864	0.020555	0.00069913	0.0026731	0.027673	-0.00072197	0.0043364	0.0094052	0.004175	0.0017115	0.0022704	0.0019912	0.0046013	0.011383	0.0068882	0.0024226	0.017853	0.024954	0.0078345	0.0020709	0.018991	0.0028657	0.00088208	0.032981	-0.0031583	-0.014115	0.0042298	0.0088275	0.0047813	0.003674	0.0042793	0.0033211	0.016534	0.005511	0.0014227	0.022042	0.017179	0.011997
0.0062433	0.0054422	0.0035313	0.0041856	0.011431	0.010053	0.015962	0.002309	0.0043014	0.0072595	0.0015964	0.02634	-0.024665	0.00015836	-0.025899	0.0071339	-0.011222	0.00047256	0.007107	0.016423	-0.0092049	0.36708	-0.077884	-0.0048803	0.0053094	-0.018755	-0.023397	-0.031487	-0.069261	-0.0012363	-0.0073496	0.0043739	0.0065556	0.0020914	-0.0065529	-0.00065931	0.028313	0.006567	-0.00048856	0.018609	0.0026065	0.0092155	0.0027803	0.0049264	0.0057816	-0.0041916	0.0019971	0.021245	0.004198	0.0043246	0.022175	-0.00010641	0.0032324	0.0047672	0.00057676	-0.0008285	0.0086906	0.014279	0.0014854	0.024119	0.009657	0.0050387	0.010296	0.013858	-0.00028438	0.0028157	0.023241	0.0042409	0.0019533	0.010819	0.0024658	0.0034528	0.0024627	-0.00097963	0.0065017	0.0081534	0.0051377	0.00090442	0.016643	0.019502	0.0074881	0.00077198	0.016809	0.0029273	0.0008413	0.026231	0.0001738	-0.0088041	0.0013385	0.0065358	0.0042932	0.001512	0.0054325	0.0038064	0.010992	0.0056752	-0.00021695	0.020312	0.015523	0.0087576
0.0049908	0.0090383	0.013145	0.0048236	0.013062	0.011293	0.015715	0.0025047	-0.0017449	0.0084749	0.0087687	0.030533	-0.0037893	0.0060888	-0.026869	0.007267	-0.014821	-0.0023102	0.00040052	0.002805	-0.01877	-0.077884	0.3443	-0.079492	-0.0026547	-0.028882	-0.014412	-0.00060503	0.0033311	0.0045429	-0.00052924	0.0010758	0.0081571	0.0013418	-0.01322	0.0007477	0.035426	0.006803	0.0029816	0.020443	0.012714	0.012012	0.0035059	0.0040571	0.0044375	-0.005941	0.0051009	0.016254	0.0091424	0.0064026	0.023125	0.00051826	0.0027505	0.0040151	0.003785	0.0033328	-0.00018155	0.0028485	0.0059445	0.016375	0.0076888	-0.0010063	0.011217	0.012521	0.0019585	3.5108e-05	0.024628	-0.0011724	0.0094194	0.0069939	0.011133	0.0014546	-0.0023333	0.010583	0.00080841	0.0065579	0.0074853	0.0016158	0.016367	0.022454	0.0071993	0.002456	0.019286	0.0008575	0.0013581	0.031899	-0.0075173	-0.0080743	0.0041137	0.008466	0.0039973	0.0048047	0.0053923	0.0033489	0.017624	0.0021784	-0.0031121	0.018483	0.015663	0.0055219
0.0017677	0.00032094	-0.00046634	0.0026521	0.0010064	0.0032651	0.00082042	-0.0025655	-0.01035	0.0031206	0.0010397	0.0037035	0.0067549	0.0025901	0.0024701	0.0028686	-0.015947	-0.0058822	-0.0059451	-0.0073601	-0.0073202	-0.0048803	-0.079492	0.1855	-0.013374	-0.021387	-0.0018147	0.0047747	0.0076439	0.0030208	0.0038621	0.00020918	0.0029793	-0.0051826	-0.017028	-0.00025768	0.0070671	0.001959	-0.00035964	0.0030763	0.0020812	0.00012138	0.00037723	0.00088565	0.0030892	0.0038043	0.0018797	0.002907	0.0021714	1.6824e-06	0.0024763	-0.0014426	-0.0006736	0.0011582	0.0023623	0.001679	6.9305e-05	0.00023698	0.0027132	0.0030508	-0.0011437	0.00040168	0.004641	0.003849	-0.00048602	0.0022759	0.0034163	0.00069937	-0.00067323	0.0024698	0.00088282	0.0012409	0.0027918	-0.0022473	0.00085187	0.0024935	0.00035276	-0.00010394	0.0022312	0.0021962	0.0018543	0.0016203	0.0021938	0.00040352	0.00026259	0.0054769	0.0018945	-0.0069966	0.00095312	0.00098983	0.00039776	-5.046e-05	0.0018823	0.00058025	0.0026493	0.0041096	0.00073503	0.0019388	0.0022326	0.00067893
0.0022766	0.0026433	0.0055504	0.0052704	0.013492	0.01605	0.024694	0.0037658	0.0062123	0.010601	0.0038781	0.04	0.0097975	0.01166	0.016494	0.014077	-0.023974	-0.00079094	0.01005	0.038865	0.011629	0.0053094	-0.0026547	-0.013374	0.18707	-0.0043341	-0.0046982	0.020242	0.012826	0.0082387	-0.0018562	-0.0092637	-0.028117	-0.0058146	-0.033421	-0.012347	0.035721	-0.0016764	-6.0343e-05	0.029193	0.011641	0.0088126	0.0058146	0.0059019	0.008367	0.00093041	0.0066101	0.030633	0.011899	0.0030605	0.03121	0.00058215	0.0042651	0.0074442	0.0081276	0.0015322	0.0033626	0.0057575	0.0026807	0.029633	0.012249	0.0022494	0.018767	0.024067	0.001821	0.0035972	0.034937	0.00011093	0.0059643	0.013242	0.0080421	0.0027291	0.0016701	0.0040414	0.004368	0.014835	0.0092286	0.002958	0.025419	0.032142	0.0087921	0.0021043	0.026518	0.002369	0.0007866	0.043362	-0.0066091	-0.018532	0.0064533	0.0095403	0.0067052	0.0031853	0.0088047	0.0028313	0.025456	0.0071373	0.0010045	0.02695	0.02375	0.015254
0.0020405	0.0078076	0.0098307	0.012218	0.022991	0.025332	0.040214	0.0072686	0.011007	0.016599	0.0052032	0.067445	0.013419	0.017181	0.026615	0.021147	-0.033927	0.00087004	0.016913	0.059008	0.015269	-0.018755	-0.028882	-0.021387	-0.0043341	0.32594	-0.019117	0.016438	0.0024392	0.0048984	-0.019909	-0.037995	-0.00021279	-0.00029054	-0.040593	-0.0075015	0.067685	-0.0026351	-0.0011293	0.043617	0.01833	0.015376	0.0097628	0.0055044	0.017087	0.00096569	0.00653	0.047072	0.023141	0.0027366	0.052226	-0.0017742	0.0036327	0.0079157	0.013339	0.0037715	0.0045097	0.010021	0.0043424	0.052976	0.021712	0.0051345	0.029731	0.041673	0.0003659	0.0081855	0.056519	-0.0028151	0.012529	0.018662	0.012264	0.001664	0.0028241	0.0036186	0.0068918	0.024964	0.017086	0.00087345	0.039803	0.054139	0.017561	0.0047653	0.042127	0.0016271	0.00065717	0.073054	-0.0094703	-0.029258	0.0097961	0.019215	0.0086278	0.003386	0.010308	0.00012674	0.037206	0.012828	-0.0016127	0.047131	0.037853	0.021088
0.0012294	0.0022621	0.0026757	0.0013719	0.0037876	0.0010381	0.0035531	0.00046002	0.0024041	0.0023702	0.0015659	0.0050489	-0.0017358	-0.00083253	0.0004973	0.0013576	-0.0015875	-0.00018391	0.00013769	0.0043353	1.9702e-05	-0.023397	-0.014412	-0.0018147	-0.0046982	-0.019117	0.20474	-0.019707	-0.020509	-0.011335	-0.015905	-0.015516	-0.0022582	-0.0040605	-0.00046479	0.00066258	0.0028484	-0.0026203	-0.0013055	-0.0022712	-0.010591	-0.0023605	-0.0010774	0.0007834	0.0010974	0.00053607	0.0014814	0.0017258	0.0018897	-0.002225	0.0045506	0.00081987	0.0025868	0.00097204	0.0023744	0.0019037	0.00441	0.0043028	-0.0024196	0.00514	0.0010102	0.00024336	0.0034968	0.0036747	0.0016127	0.0002745	0.0049214	0.00077584	0.0022273	0.00026425	-0.0031338	0.00073991	0.0024761	0.00031338	0.0012924	0.00096302	0.0025335	0.0020525	0.0017959	0.0043771	0.0027629	0.0011827	0.0016189	-0.00041505	-8.3615e-05	0.0054422	0.00016387	-0.0013179	-0.00069824	0.0027954	-0.0014335	-0.00077361	0.0043366	-0.0015156	0.0030206	-0.0038462	0.0021578	0.0041307	0.0034466	0.0019477
0.0065405	0.011611	0.0069514	0.0085281	0.019239	0.022048	0.032177	0.006633	0.0079826	0.013899	0.00361	0.05296	-0.016186	0.010435	0.017698	0.017372	-0.025765	0.0010558	0.015021	0.048214	0.011204	-0.031487	-0.00060503	0.0047747	0.020242	0.016438	-0.019707	0.33685	-0.066098	-0.011943	-0.017755	0.0066517	0.012277	0.0058803	-0.023762	-0.0049331	0.059941	0.0035838	-0.0022619	0.028271	-0.035204	-0.0048576	0.0049224	0.0052101	0.010413	-0.0032426	0.0066537	0.03808	0.017026	-0.0020133	0.037867	0.0021477	0.0051048	0.0084835	0.014038	0.0093842	0.010861	0.001696	-0.017696	0.051378	0.018454	0.0069349	0.016944	0.033144	0.00058744	0.0070173	0.046319	-0.0002239	0.0079924	0.015178	0.012591	0.001432	0.0065608	0.0050601	0.0075165	0.014277	0.010185	0.0010204	0.031921	0.041495	0.013092	0.0033694	0.034442	0.0023097	0.00016995	0.058661	-0.011809	-0.026003	0.0081061	0.015418	0.0094239	0.0041424	0.0098819	-0.00029213	0.03447	0.0080947	0.00041336	0.038751	0.030907	0.018282
0.0059282	-0.019986	0.0075109	0.0041359	0.01106	0.0094737	0.014202	0.0031913	0.0057537	0.0082214	0.00016008	0.0020997	-0.14536	-0.014031	0.00074562	0.0080365	-0.012413	-0.00020595	0.0068535	0.024936	0.0030346	-0.069261	0.0033311	0.0076439	0.012826	0.0024392	-0.020509	-0.066098	0.66661	-0.01743	-0.00724	0.014721	0.0082799	0.0029795	-0.0073227	-0.010907	0.026527	0.003528	0.00069103	0.012043	-0.11571	-0.023004	0.0073852	0.0088211	-0.0017519	0.020391	0.0033755	0.015529	0.021763	-0.0053925	0.01157	-0.0052629	-0.0023109	0.0011567	0.0066001	0.0031147	0.010279	-0.034585	-0.119	0.039328	0.019733	0.0048918	0.018865	0.014711	-0.0033945	0.018093	0.017262	0.00092858	0.004375	0.0064699	0.0038261	-0.0040219	0.010233	-0.0047635	0.0049588	0.0081079	0.0012729	-0.005564	0.015772	0.018384	0.0061329	0.0015043	0.014101	0.0029827	0.0019252	0.025373	-0.0060301	-0.011709	0.0055815	0.0037869	0.0048792	0.0023197	0.0043586	0.0054828	0.012959	0.0052478	-0.00047028	0.018858	0.01324	0.01087
0.0060613	0.0067421	0.0029658	0.0040182	0.0081434	0.010352	0.014426	0.0021529	0.0045575	0.0073572	0.0041749	0.025731	0.0012571	0.0051784	0.0096314	0.0078714	-0.011948	0.00076068	0.0070433	0.022979	0.0061349	-0.0012363	0.0045429	0.0030208	0.0082387	0.0048984	-0.011335	-0.011943	-0.01743	0.23275	-0.022979	-0.0072686	0.0048156	0.002226	-0.010851	-0.0021946	0.021403	-0.0032136	-0.0046705	0.0010159	-0.023146	-0.01697	-0.0026336	0.00021082	0.0036279	-0.00063156	0.0031695	0.014314	0.0045825	-0.013142	0.017153	0.0019968	0.0036627	0.0044285	0.0064038	0.0034077	-0.0014102	-0.00025662	-0.0048128	0.020894	0.0085734	0.0029935	0.012001	0.014238	0.0011178	0.0012172	0.021015	-4.6526e-05	0.0055217	0.0069875	0.0060966	0.0031869	-0.00040438	0.0031477	0.0034128	0.0082879	0.0018862	0.0021797	0.014278	0.019413	0.0065058	0.0011312	0.015109	0.00057847	0.00029576	0.02714	-0.0028246	-0.012901	0.004001	0.0076052	0.0050943	0.0013421	0.0036814	0.0011282	0.01434	0.006381	-0.0005827	0.016903	0.013706	0.0090485
0.0032504	0.0039438	0.001691	0.001352	0.004295	0.0022116	0.0055628	0.0017387	0.0026411	0.0034563	0.0031253	0.0058506	0.0049375	0.0048804	0.0046931	0.0026764	-0.0046653	-0.00042679	0.0037386	0.0071097	0.0038982	-0.0073496	-0.00052924	0.0038621	-0.0018562	-0.019909	-0.015905	-0.017755	-0.00724	-0.022979	0.27398	-0.047508	-0.00021135	-0.001588	0.0024812	-0.0072909	-0.012703	-0.015046	-0.007773	-0.014793	-0.01369	-0.008745	-0.010361	-0.0037287	0.00064971	0.0027245	0.0015147	0.0055824	0.0024991	-0.0086838	0.0085308	0.0013082	0.0014685	0.0016681	0.0018506	0.0064423	0.0024519	0.0038507	-0.00020242	0.0053995	0.0041254	0.0031365	0.0056226	-0.0013066	0.0033335	0.00025774	0.0066765	0.0030978	-0.00028442	0.0052118	0.0019244	0.0027983	0.0015726	0.00071423	0.0016612	0.0015994	0.0012372	0.00095103	0.0043393	0.0045478	0.0027354	0.0012889	0.0041061	0.0018416	0.00067773	0.0082348	0.0012904	0.0012689	-0.00053101	0.0024028	0.002299	-0.001791	-0.00084433	0.0025103	0.0053481	0.00045738	-5.4048e-05	0.0062646	0.0057818	0.0034378
0.0020457	0.001605	0.0012389	0.0032529	0.0065318	0.0092739	0.011925	0.0018089	0.0040121	0.0057157	0.0025916	0.022166	0.0064814	0.0072337	0.010709	0.0059701	-0.0098867	0.0020211	0.0051535	0.021549	0.0052476	0.0043739	0.0010758	0.00020918	-0.0092637	-0.037995	-0.015516	0.0066517	0.014721	-0.0072686	-0.047508	0.27538	0.038975	-0.0047173	-0.026377	-0.016147	-0.023965	-0.07336	-0.011426	0.004514	0.0082207	0.0050138	-0.003728	-0.0010376	0.0045959	-0.0002197	0.0056896	0.017135	0.0097995	0.0038975	0.015082	0.004212	0.0024848	0.0042634	0.0089117	0.003088	0.0072175	0.00256	0.0034796	0.011286	0.0049126	0.0021399	0.0075993	0.014552	-0.00071026	0.0012298	0.020198	-0.0043307	0.0037649	0.0041455	0.0034284	0.0019995	0.0048202	-0.00069883	-1.6826e-05	0.0082739	0.0067099	0.001726	0.01417	0.018781	0.0056783	0.0021082	0.012787	-0.00087606	0.00033667	0.023027	7.4251e-05	-0.0034573	0.0044567	0.0046385	0.0019217	-0.0012323	0.0026361	0.0043539	0.010587	0.0078017	-0.0031385	0.013911	0.011536	0.0073936
0.0030925	0.004758	0.0026687	0.0057423	0.0096007	0.012375	0.019789	0.0035263	0.0046881	0.0095007	0.0021125	0.033557	0.0079401	0.0095155	0.011723	0.010039	-0.017077	0.00024385	0.0086364	0.02918	0.0086742	0.0065556	0.0081571	0.0029793	-0.028117	-0.00021279	-0.0022582	0.012277	0.0082799	0.0048156	-0.00021135	0.038975	0.14853	-0.0051661	-0.028209	-0.034652	0.0086596	0.001862	-0.0020182	0.020008	0.0059236	0.0057848	-0.001372	-7.9134e-05	0.0028791	-0.0041047	0.0051485	0.022317	0.010864	0.00097717	0.026169	0.0016129	0.0028904	0.0045268	0.0081938	0.0042756	0.0042124	0.0040006	0.0019691	0.023754	0.0085903	0.0027095	0.014312	0.01896	0.00052547	0.0031876	0.029877	-0.0026543	0.0066192	0.0088459	0.0061217	0.0021055	0.0032231	0.002241	0.0024312	0.0099588	0.0070578	0.0012686	0.019797	0.026608	0.0093045	0.0029992	0.020279	0.0019012	0.00082618	0.032154	-0.0057846	-0.011697	0.00060353	0.010094	0.0062721	0.0024152	0.0055108	0.0034021	0.018587	0.006291	-0.0008361	0.023395	0.018515	0.011411
-0.0029432	0.00015883	0.00045778	0.0011068	0.0032093	0.0026482	0.0032113	0.00011317	-0.0038582	0.00098411	-3.9857e-05	0.0075637	0.0011704	0.0053505	0.0024387	0.0027808	-0.010083	-0.002314	0.00099541	0.0057527	0.0027867	0.0020914	0.0013418	-0.0051826	-0.0058146	-0.00029054	-0.0040605	0.0058803	0.0029795	0.002226	-0.001588	-0.0047173	-0.0051661	0.43963	-0.30989	-0.019265	-0.001832	-0.0024214	-0.00014566	0.0058207	0.0012499	0.00047644	-0.00033717	-0.00099068	-0.0045892	-0.0096907	0.00097537	0.0055324	0.0015827	0.0040412	0.0034036	0.0011915	-0.0007387	-0.00028853	0.0039702	0.0030874	-0.0002319	-0.00043653	-0.00077273	0.0088284	0.0048475	-0.0029471	0.0038251	0.0032564	0.00043688	-0.00097191	0.0075747	0.0013834	0.0021837	0.0027642	0.0012274	-0.0017654	0.0018614	-0.0029214	0.0014654	0.0024607	0.00072056	-0.00077885	0.0049658	0.0055861	0.00093223	-3.0983e-05	0.0062405	0.00054216	-0.00044374	0.008247	-0.0085744	-0.014618	-0.0078383	-0.00027205	0.0011199	0.0022668	0.00063287	0.0037736	0.0056865	0.00015681	-0.00045998	0.0071332	0.0034377	0.0048325
-0.0017873	-0.0025435	-0.0060018	-0.0060759	-0.010999	-0.015906	-0.028323	-0.007135	-0.01777	-0.011103	-0.0065388	-0.049494	-0.0074676	-0.0098914	-0.0056207	-0.012611	0.0083214	-0.005748	-0.012241	-0.041276	-0.01045	-0.0065529	-0.01322	-0.017028	-0.033421	-0.040593	-0.00046479	-0.023762	-0.0073227	-0.010851	0.0024812	-0.026377	-0.028209	-0.30989	0.66491	-0.091392	-0.087443	-0.00018962	1.9264e-05	-0.030781	-0.0091587	-0.0080027	0.011003	0.0026247	-0.024403	-0.029353	-0.0021077	-0.034152	-0.012647	-0.0019299	-0.036508	0.0081888	-0.0010738	-0.0056765	-0.012496	-0.0024817	0.00055922	-0.0042717	-0.0011264	-0.040497	-0.016234	0.0030571	-0.025927	-0.035676	-0.00062654	6.7688e-05	-0.043254	0.0055463	-0.0060048	-0.015112	-0.0085319	-0.0017903	-0.0011504	0.0011525	-0.005713	-0.019763	-0.010766	0.0010305	-0.028566	-0.03335	-0.0085863	-0.0020268	-0.02992	0.00025474	0.00092279	-0.049504	-0.0082502	-0.031764	-0.021464	-0.017192	-0.0063214	-0.0015406	-0.0097101	-0.0058258	-0.025698	-0.0050457	0.0076197	-0.028023	-0.025458	-0.013312
0.00048517	-0.0075929	0.0019282	-0.0023744	-0.0052868	-0.0049784	-0.0065748	-0.0032299	0.00014823	-0.0018651	-0.0028266	-0.014269	0.0055387	-0.0032475	-0.0035927	-0.0042604	0.0058775	-0.0011191	-0.0028799	-0.011103	-0.0040541	-0.00065931	0.0007477	-0.00025768	-0.012347	-0.0075015	0.00066258	-0.0049331	-0.010907	-0.0021946	-0.0072909	-0.016147	-0.034652	-0.019265	-0.091392	0.37796	-0.071593	-0.018223	-0.0017093	-0.010069	0.00045201	-0.0026805	-0.00089961	-0.011506	-0.043735	-0.04293	-0.0031466	-0.011007	0.00033914	0.0083197	-0.016883	0.00026637	-0.00030693	-2.4388e-05	-0.0056601	-0.0019776	-0.00024137	-0.0017192	0.0075108	-0.013031	-0.002102	-0.0025983	-0.0054522	-0.0093864	-0.0030785	0.011366	-0.013632	0.0030284	-0.001183	-0.0024134	-0.0035394	0.0042358	-0.00027177	0.00026365	-0.0022329	-0.0039501	-0.0048404	0.00067388	-0.0095626	-0.009058	-0.0032727	-0.0037735	-0.0091392	0.0045161	-0.00035576	-0.019949	-0.0086652	-0.001698	-0.0034699	-0.0030353	-0.00080917	-0.0033892	-0.0017621	0.005634	-0.006869	-0.0024858	0.0036924	-0.0090967	-0.0069425	-0.0046749
0.0083177	0.015587	0.01303	0.019399	0.035145	0.046905	0.074857	0.011899	0.01994	0.031259	0.0047594	0.1278	0.026698	0.028554	0.036265	0.040308	-0.062519	-2.2441e-06	0.033477	0.1098	0.033247	0.028313	0.035426	0.0070671	0.035721	0.067685	0.0028484	0.059941	0.026527	0.021403	-0.012703	-0.023965	0.0086596	-0.001832	-0.087443	-0.071593	0.51052	-0.063925	-0.010874	0.082968	0.033422	0.02329	-0.002177	-0.008445	-0.021084	-0.038954	0.015739	0.089401	0.044793	0.011556	0.095048	-0.0030199	0.0052963	0.013553	0.024358	0.007605	0.01117	0.012217	0.0074387	0.095717	0.033062	0.0038363	0.058314	0.076431	0.0013838	0.024136	0.10834	-0.0041359	0.019403	0.036059	0.023416	0.0042058	0.0046856	0.0069909	0.0069629	0.043104	0.025016	0.0046102	0.075246	0.10205	0.028495	0.0076843	0.07928	0.0019115	0.0013097	0.13745	-0.025389	-0.062239	0.016738	0.033434	0.01534	0.0060801	0.024363	0.0084432	0.074239	0.023906	-0.0010461	0.091641	0.069612	0.046013
-2.4938e-05	0.00039529	0.002366	0.0010692	0.0011623	0.0028776	0.0042075	0.00302	0.0010573	0.0029357	0.0023012	0.0073539	0.0035318	0.003728	0.0020834	0.0021312	-0.00063029	-6.8384e-05	0.0031531	0.0052211	0.0036146	0.006567	0.006803	0.001959	-0.0016764	-0.0026351	-0.0026203	0.0035838	0.003528	-0.0032136	-0.015046	-0.07336	0.001862	-0.0024214	-0.00018962	-0.018223	-0.063925	0.29659	-0.01166	-0.0043137	0.0026125	0.0034927	-0.025213	-0.02185	-0.023812	-0.0080964	-0.0010286	0.002238	0.0017456	-0.00029838	0.0052825	0.0039509	0.0057361	0.0025221	0.0052196	0.0063913	-0.0010909	0.0019563	0.0025858	0.0037804	8.9848e-05	-0.00021684	0.0020748	0.0034063	2.3317e-05	0.00040052	0.0065144	0.0026295	0.002666	0.0047094	0.00080952	0.0039044	-7.65e-05	0.0049824	0.0020394	0.001808	0.00083195	0.0030828	0.0040502	0.0070547	0.0018852	0.0016544	0.0053225	-0.0019978	7.6029e-05	0.0055242	0.002665	-0.00081696	0.001148	0.00074845	0.00012452	3.4892e-05	-0.0012741	0.0011467	0.007187	2.7238e-05	0.00335	0.0063664	0.0056746	0.0036048
-0.00043128	-0.0012675	0.001021	-0.00034948	0.00049295	0.00043157	0.0014664	-0.00059328	-0.00025345	0.00094395	0.00024721	0.0011631	0.00035947	0.00018176	0.0028841	0.00088833	-0.0004452	0.0013271	0.00068494	-0.00056381	0.00057994	-0.00048856	0.0029816	-0.00035964	-6.0343e-05	-0.0011293	-0.0013055	-0.0022619	0.00069103	-0.0046705	-0.007773	-0.011426	-0.0020182	-0.00014566	1.9264e-05	-0.0017093	-0.010874	-0.01166	0.13544	-0.006676	-0.0028213	-0.0038623	-0.010987	-0.0084147	-0.0071102	0.001331	-0.00070535	-0.0024177	-0.0058949	-0.0066587	-0.0018438	-0.00035476	0.00065545	-0.0015524	-0.0011619	0.0012358	-1.2564e-05	-0.00050067	0.0014198	0.0011538	0.0011877	-3.6407e-05	0.00099267	-0.00091407	0.0013089	0.0036434	0.0017674	-0.001369	0.0024471	0.0011504	0.00015684	0.00014243	0.00025259	-0.00035186	0.0043283	-0.00032966	-0.00055378	-0.00050159	0.001453	0.0013643	0.0003676	0.0014192	0.00020649	-0.00076653	-0.0011773	0.00085271	0.00071105	0.0015909	-0.00085455	0.0018967	0.00015461	0.00043028	-0.00013997	0.00068387	0.0013676	0.00059325	0.00086568	0.00052842	0.00021316	0.0012467
0.0052214	0.0074851	0.013534	0.013201	0.022659	0.030507	0.048825	0.0091566	0.012381	0.021255	0.005157	0.08371	0.018209	0.019245	0.022213	0.026736	-0.043043	0.0011054	0.021421	0.073387	0.021883	0.018609	0.020443	0.0030763	0.029193	0.043617	-0.0022712	0.028271	0.012043	0.0010159	-0.014793	0.004514	0.020008	0.0058207	-0.030781	-0.010069	0.082968	-0.0043137	-0.006676	0.30676	0.0013737	-0.0071604	-0.017064	6.069e-05	0.0073772	-0.0028032	0.0074225	0.052018	0.0063794	-0.029202	0.060213	0.00033007	0.0050129	0.0099542	0.0079736	0.0035977	-0.0060698	0.0021178	0.0026587	0.064967	0.02548	0.0053029	0.038748	0.047399	0.00057268	0.0073159	0.070336	-0.00087987	0.017454	0.022352	0.014604	0.0044186	0.0065962	0.007612	0.0060637	0.024163	0.012128	0.00091787	0.050324	0.066853	0.020177	0.0034089	0.050221	0.0022593	0.0011033	0.090035	-0.014361	-0.040993	0.0089804	0.024564	0.011825	0.0041138	0.014891	0.0053498	0.04765	0.01535	0.00016852	0.059945	0.045817	0.030467
