0.86473	-0.065631	-0.052093	0.0042123	0.09518	0.035427	0.013455	-0.010061	-0.034923	-0.078355	-0.014587	-0.013575	0.037114	0.057305	0.0024193	-0.065298	0.007028	0.026296	0.11125	0.026337	0.08616	0.027507	0.031664	0.001737	0.041232	0.074278	0.0034779	0.032034	0.032857	0.010665	0.019245	0.027466	0.035984	0.0098582	-0.053433	-0.01759	0.14292	0.004266	0.0068905	0.093411	0.034454	0.027994	0.0057615	0.0090636	0.038962	0.020257	0.11077	0.043196	0.004999	0.032939	0.020803	0.017287	0.028524	0.0039935	0.003629	-0.012113	-0.09147	0.038474	0.00050805	0.06493	0.089407	0.00079158	0.0034291	0.10664	0.018616	0.022479	0.00574	-0.0023499	-0.046641	-0.098226	0.03762	0.033745	0.0047526	0.052283	0.089011	0.099325	-0.0075372	0.016907	0.0086352	0.0051966	0.086044	0.006422	0.0093318	0.15312	-0.014731	-0.06563	0.0062971	0.037373	0.023674	-0.0068724	0.046815	0.013317	0.013729	0.097255	0.038044	0.035157	0.072083	0.065106
-0.065631	0.63302	-0.067085	-0.018164	0.038145	0.025406	0.0053038	-0.0046962	-0.0085005	-0.010921	-0.00015463	0.005843	0.02388	0.033865	-0.0016631	-0.029723	-0.0097407	0.022362	0.045022	0.006931	0.041751	0.00585	0.021206	0.0052547	0.023026	0.039112	0.005482	0.0069275	0.023218	0.0040075	0.011068	0.011077	0.018509	0.0062769	-0.025491	-0.0089887	0.068205	0.00324	0.0022607	0.04148	0.022427	0.016158	0.0038178	0.0069247	0.020362	0.0077139	0.052243	0.021757	0.0026051	0.016648	0.010554	0.011183	0.0082654	0.0061286	0.00065188	0.0089091	-0.013809	0.040679	0.00033438	0.026594	0.044056	0.00084864	0.0011523	0.055942	0.012497	0.010683	0.00063234	-0.0050195	-0.032965	-0.081597	0.0047246	0.0075354	0.0031327	0.027023	0.041961	0.047439	-0.0013295	0.0073663	0.0038617	0.0062495	0.035168	0.0066861	0.0059678	0.067611	-0.0095787	-0.025738	0.0071357	0.018586	0.016513	-0.041457	-0.03271	-0.0069904	0.0054907	0.050705	0.022035	0.014228	-0.0060837	0.015003
-0.052093	-0.067085	0.72892	-0.056247	0.034244	0.036552	-0.032397	-0.026137	-0.0061385	-0.0083276	-0.0012603	-0.0046482	0.029837	0.052615	0.009927	-0.045842	-0.013901	0.029135	0.077789	0.017586	0.056407	0.010466	0.020049	0.012008	0.031766	0.06174	0.0065482	0.018448	0.032354	0.010513	0.011793	0.019111	0.026406	0.0098212	-0.039209	-0.016215	0.10749	0.0017225	0.0055682	0.062981	0.039737	0.022265	0.0029151	0.01058	0.032754	0.014458	0.085623	0.034259	-0.00039005	0.027578	0.016768	0.01468	0.016223	0.0044219	0.0053649	0.028548	0.012636	0.069075	0.0024925	0.039632	0.057614	-0.0049238	0.0038844	0.082259	0.016011	0.021264	-0.0018031	0.011815	0.013343	-0.038831	0.035455	0.02313	-0.0028128	0.038964	0.06584	0.073358	-0.003171	0.013206	0.0067356	0.008958	0.0604	0.0084993	0.0068642	0.10926	-0.012824	-0.049258	0.0075999	0.026989	0.018202	-0.014558	-0.023392	-0.0089692	0.0068643	0.083915	0.034166	0.018459	-0.026242	-0.00084169
0.0042123	-0.018164	-0.056247	0.58359	-0.058751	0.02695	-0.063594	-0.034676	0.044326	0.012315	0.0052477	-0.0057165	0.0097287	0.03732	0.0054579	-0.038213	0.0039781	0.023376	0.053528	0.0044549	0.050544	0.012695	0.01171	0.0073587	0.027683	0.047068	0.0058809	0.018379	0.028713	0.012931	0.005229	0.018245	0.022972	0.0048956	-0.027971	-0.011844	0.083335	0.0024186	0.0055363	0.057466	0.025558	0.015739	0.0046897	0.0082106	0.021235	0.016008	0.068449	0.023224	0.0012928	0.021863	0.013966	0.010351	0.015224	0.0049626	0.01434	0.021539	0.019475	0.043023	0.00083233	0.033994	0.051669	-0.0016092	0.0051156	0.065002	0.0087756	0.0079174	0.0072133	0.013635	0.024122	0.0068416	0.034621	0.01472	0.0035956	0.033763	0.05495	0.062438	-0.0014641	0.0098257	0.0085448	0.0011981	0.051339	0.0029054	0.0048464	0.089752	-0.013593	-0.033846	0.0034703	0.023187	0.014559	0.0072632	0.0091106	0.0014722	0.006034	0.061901	0.028251	0.0078585	-0.027522	-0.054757
0.09518	0.038145	0.034244	-0.058751	0.79692	0.10093	0.019802	-0.021368	0.52216	0.046118	0.065982	0.039449	0.055926	0.10942	0.00077237	-0.22219	0.015328	0.09145	0.34402	0.018477	0.3507	0.05247	0.11433	0.033228	0.16116	0.27474	0.022715	0.097727	0.17534	0.025897	0.036016	0.073855	0.12179	0.046123	-0.19781	-0.074001	0.51976	0.0037588	0.0055075	0.32584	0.11213	0.082064	0.016594	0.039673	0.12482	0.068589	0.39245	0.16165	0.0096372	0.10932	0.069293	0.056817	0.071519	0.01112	0.029134	0.089801	0.059372	0.27875	0.00057527	0.20741	0.29389	-0.0014547	0.0080889	0.3863	0.050484	0.072198	0.0065212	0.032683	0.097656	0.059742	0.17057	0.092091	-6.5669e-05	0.1855	0.31204	0.33588	-0.025973	0.047661	0.031787	0.021483	0.29371	0.013151	0.017552	0.52764	-0.063913	-0.23275	0.033331	0.12927	0.049854	0.04564	0.20859	0.034001	0.034813	0.33541	0.12138	0.10709	0.25204	6.5969e-05
0.035427	0.025406	0.036552	0.02695	0.10093	0.52721	0.081475	0.014861	0.29731	0.011173	0.032571	0.019595	0.056939	0.043852	-0.10478	-0.19773	-0.10812	0.0034092	0.23199	0.043036	0.20705	0.049589	0.089144	0.00020035	0.10465	0.17385	0.017307	0.052769	0.099986	0.019161	0.018149	0.041132	0.072796	0.031698	-0.080064	-0.0322	0.31271	-0.0025451	0.0016633	0.19515	0.077144	0.054667	0.0084468	0.023882	0.073511	0.037817	0.23676	0.092561	0.0047314	0.065816	0.04763	0.029087	0.045412	0.0048054	0.021723	0.06497	0.032395	0.15197	0.00016454	0.12504	0.18016	0.0011793	0.0077469	0.23372	0.026473	0.044886	0.0041362	0.026786	0.066059	0.034331	0.10485	0.059088	0.0030347	0.11358	0.19169	0.21018	-0.017558	0.028549	0.019987	0.012008	0.17555	0.0042883	0.01545	0.32519	-0.0364	-0.14037	0.01794	0.085304	0.027863	0.023747	0.12827	0.021371	0.013297	0.18991	0.0084297	0.069295	0.19029	0.090861
0.013455	0.0053038	-0.032397	-0.063594	0.019802	0.081475	1.1503	-0.38497	0.17089	0.0013636	0.0056897	-0.076651	-0.055977	0.061117	0.0057391	-0.13844	0.0078938	0.071551	0.21201	0.022846	0.18961	0.050653	0.094949	0.021515	0.089026	0.16459	0.018153	0.06208	0.10596	0.0279	0.020761	0.044858	0.074436	0.030256	-0.12232	-0.044841	0.3184	0.0036844	-0.0013435	0.20363	0.073201	0.050973	0.010995	0.025558	0.07177	0.043368	0.23727	0.094484	0.0035796	0.069194	0.039636	0.03483	0.043005	0.009268	0.019453	0.07062	0.033552	0.172	0.0030743	0.12332	0.18294	0.0018957	0.006102	0.23721	0.031869	0.045052	0.0031167	0.018968	0.070388	0.044772	0.10622	0.059383	0.00075728	0.10972	0.19102	0.20595	-0.014275	0.027777	0.019004	0.013469	0.17598	0.0075893	0.011392	0.32081	-0.038704	-0.14319	0.02052	0.077469	0.025165	0.034794	0.12932	0.030708	0.021046	0.20263	0.085343	0.083957	0.16798	0.11617
-0.010061	-0.0046962	-0.026137	-0.034676	-0.021368	0.014861	-0.38497	0.7927	0.0038733	-0.0083002	-0.010157	-0.041179	-0.036329	0.00097243	2.3083e-05	-0.027275	0.002175	0.015136	0.035293	0.0040048	0.029154	0.018269	0.022601	0.0078288	0.018648	0.032574	0.0098787	0.014723	0.019782	0.010056	0.006513	0.010846	0.016924	0.0018415	-0.021927	-0.0086813	0.062329	0.0025916	0.0012126	0.041452	0.015943	0.011345	0.0045236	0.0072572	0.014812	0.010551	0.048982	0.021168	0.0031584	0.017833	0.009429	0.0068436	0.0099677	0.0039228	0.0069282	0.016395	0.0038891	0.034951	0.002898	0.027106	0.035363	0.0026763	0.0036494	0.050312	0.0069848	0.0090339	0.0020864	0.0087107	0.015331	0.0095295	0.023047	0.014871	0.001455	0.023276	0.039965	0.044412	-0.002551	0.0061044	0.0052061	0.0055091	0.034097	0.00033585	0.0036311	0.064171	-0.0084616	-0.020541	-0.00080529	0.018141	0.0083472	0.011794	0.024635	0.0072774	0.007146	0.041078	0.01995	0.01762	0.025018	0.019071
-0.034923	-0.0085005	-0.0061385	0.044326	0.52216	0.29731	0.17089	0.0038733	1.8919	-0.025057	0.072062	-0.0053845	0.21399	0.37961	0.021602	-0.49582	0.016392	0.23	0.78229	0.07469	0.69169	0.1079	0.2505	0.052834	0.3281	0.57074	0.033994	0.17481	0.34971	0.075409	0.075988	0.16484	0.26284	0.098588	-0.41654	-0.15843	1.1184	-0.0039444	0.013625	0.72032	0.27263	0.18467	0.023684	0.080146	0.26178	0.15104	0.83781	0.33177	0.0032232	0.22666	0.14107	0.11764	0.149	0.017696	0.062789	0.19682	0.049207	0.58891	-0.0094546	0.45095	0.64098	-0.0072168	0.014799	0.81846	0.10283	0.15152	0.0014834	0.074034	0.20541	0.057639	0.37067	0.19991	-0.0039872	0.3937	0.66597	0.71594	-0.046826	0.097611	0.064581	0.037836	0.62268	0.025925	0.031433	1.13	-0.14195	-0.50167	0.071667	0.27243	0.10139	0.071033	0.4144	0.068768	0.064946	0.70916	0.27449	0.26393	0.60753	0.41977
-0.078355	-0.010921	-0.0083276	0.012315	0.046118	0.011173	0.0013636	-0.0083002	-0.025057	0.66449	-0.026654	-0.029765	0.016917	0.029474	0.005369	-0.029285	0.0062447	0.015237	0.040591	0.0068094	-0.011686	0.008807	0.014203	0.0062888	0.016881	0.033082	0.0096289	-0.0040655	-0.044554	-0.057308	0.013679	0.0099265	0.017727	0.007023	-0.025387	-0.00667	0.061915	0.0087967	0.0076762	0.034556	-0.01672	0.0030269	0.0018199	0.0077626	0.017979	0.0096005	0.048867	0.020489	0.0017194	0.015627	0.012158	0.0081886	0.0089485	0.0050213	-0.0089139	-0.033169	-0.10059	0.019085	0.0045368	0.031815	0.03715	0.00037127	0.00062412	0.045613	0.0035945	0.01041	0.0037695	0.0068415	0.0053915	-0.011776	0.025018	0.0096902	0.00098414	0.023788	0.040704	0.044209	-0.0023787	0.0075714	0.0065158	0.0023633	0.032481	0.0034003	0.0057644	0.062429	-0.0073009	-0.026837	-0.00060484	0.019482	0.010347	0.0057509	0.032947	0.0055048	0.0081447	0.040581	0.014335	0.017693	0.040908	0.027739
-0.014587	-0.00015463	-0.0012603	0.0052477	0.065982	0.032571	0.0056897	-0.010157	0.072062	-0.026654	0.38064	-0.029636	0.014325	0.046418	0.0040336	-0.05544	0.0039501	0.031374	0.078762	4.1395e-05	0.046485	0.010441	0.024616	0.0073978	0.039287	0.066672	0.0023199	0.011353	0.016953	-0.0058888	0.011538	0.020279	0.032609	0.0099157	-0.046655	-0.017515	0.12854	0.0029761	0.004923	0.082885	0.027165	0.021106	0.0030808	0.010616	0.031163	0.019043	0.096486	0.037002	0.0013086	0.027468	0.018289	0.014658	0.017148	0.0048377	0.0089932	0.02217	-0.010883	0.063159	0.0036281	0.049234	0.072373	0.00029462	0.0040212	0.094967	0.012773	0.016472	0.0030115	0.010761	0.026964	0.011385	0.045101	0.02182	0.00099214	0.046097	0.077278	0.085695	-0.0040005	0.012635	0.0088016	0.0050905	0.071911	0.0031608	0.0059863	0.12761	-0.015857	-0.053317	0.0048417	0.03237	0.01138	0.012567	0.048562	0.010286	0.0080944	0.0813	0.034315	0.03293	0.072305	0.053462
-0.013575	0.005843	-0.0046482	-0.0057165	0.039449	0.019595	-0.076651	-0.041179	-0.0053845	-0.029765	-0.029636	0.61893	-0.068392	0.0097562	0.0025367	-0.024717	0.0052126	0.021525	-0.011439	-0.05242	-0.057776	-0.0074016	0.0026336	0.016033	0.018015	0.037977	0.007191	0.00087287	-0.014369	0.0045968	0.011471	0.015016	0.017427	0.0042577	-0.021914	-0.0082536	0.062474	0.0063198	0.0032381	0.047145	0.022285	0.012393	0.0015886	0.0040673	0.019179	0.0095115	0.050116	0.017974	1.7877e-05	0.01406	0.014119	0.0084148	0.012995	0.0067973	0.0095114	0.020165	-0.00055591	0.03339	0.0044637	0.023445	0.032429	0.001562	0.0030639	0.050723	0.0088835	0.0058742	0.0059372	0.010866	0.022437	0.017162	0.027346	0.0087205	0.00054732	0.025934	0.038542	0.046945	-0.0022882	0.007949	0.00506	0.0019016	0.037644	0.002414	0.0010287	0.067283	-0.0067588	-0.026797	0.002176	0.016252	0.001915	0.0092095	0.029194	0.011549	0.0076764	0.039551	0.019056	0.018468	0.043557	0.042872
0.037114	0.02388	0.029837	0.0097287	0.055926	0.056939	-0.055977	-0.036329	0.21399	0.016917	0.014325	-0.068392	0.61468	-0.060014	-0.0063972	-0.092666	0.011944	0.025887	0.08317	-0.069379	0.12891	0.020938	0.051134	0.024776	0.071967	0.12285	0.018032	0.047044	0.083065	0.022994	0.016353	0.034096	0.055203	0.01801	-0.090211	-0.029804	0.2267	0.0021587	0.0043808	0.14297	0.049895	0.036308	0.0054611	0.021047	0.057258	0.03059	0.175	0.071189	0.0066162	0.050412	0.02814	0.028463	0.032593	0.0099814	0.015877	0.042013	0.034411	0.11793	0.0021762	0.094475	0.13227	-0.00063041	0.0069476	0.17118	0.025551	0.035268	-0.0018835	0.013194	0.042052	0.026864	0.076935	0.042907	0.0030443	0.083216	0.13814	0.15012	-0.010926	0.020607	0.015702	0.0080619	0.12918	0.0032671	0.0092445	0.23585	-0.026105	-0.10057	0.011452	0.054964	0.019134	0.017608	0.093749	0.015558	0.012932	0.14745	0.05862	0.060877	0.14332	0.10972
0.057305	0.033865	0.052615	0.03732	0.10942	0.043852	0.061117	0.00097243	0.37961	0.029474	0.046418	0.0097562	-0.060014	0.68513	-0.020016	-0.17796	-0.013232	0.0073259	0.20586	-0.04183	0.28209	0.032175	0.074801	-0.019867	0.12881	0.20668	0.021643	0.085694	0.14016	0.023251	0.023975	0.056112	0.090219	0.031945	-0.14792	-0.055526	0.39392	0.00053574	0.0013398	0.24424	0.086707	0.06184	0.012704	0.029727	0.096295	0.054376	0.29477	0.12209	0.011046	0.080365	0.05166	0.036682	0.055619	0.0098452	0.023992	0.078735	0.038056	0.19071	-0.0013881	0.15926	0.22893	-0.0022606	0.0080518	0.294	0.030907	0.056844	0.0094749	0.030077	0.078069	0.037651	0.12691	0.07256	0.00076251	0.13842	0.23791	0.25329	-0.019476	0.034983	0.029926	0.011901	0.21792	0.011043	0.01582	0.39745	-0.050967	-0.17551	0.020685	0.099385	0.0343	0.021539	0.14877	0.024139	0.023239	0.24046	0.09884	0.095648	0.2377	0.14975
0.0024193	-0.0016631	0.009927	0.0054579	0.00077237	-0.10478	0.0057391	2.3083e-05	0.021602	0.005369	0.0040336	0.0025367	-0.0063972	-0.020016	0.3458	-0.06686	-0.043423	-0.027143	0.012644	-0.0029859	0.020534	0.0032067	-1.8685e-05	0.0016928	-0.013557	0.016921	0.0070055	-0.0021828	0.013743	0.0011454	0.0046879	0.0068624	0.0070218	0.0047737	0.0022137	-0.0032876	0.021941	0.00094128	-0.0010452	0.016371	0.0047223	0.0056638	0.00044614	0.0020071	0.0083805	0.0048973	0.023185	0.0095194	-0.00076136	0.0064711	0.0036005	0.0037502	0.0070222	0.0012547	-0.0023479	0.0072019	0.0041401	0.025705	0.0021373	0.0053523	0.014478	-0.00093832	-0.0078239	0.023487	0.0070851	0.0043281	0.0042017	-0.00057511	5.4218e-05	0.002737	0.0052359	0.00043782	0.0017667	0.013418	0.015419	0.020117	0.00044378	0.0013428	0.0046033	0.00049022	0.015072	0.0011904	0.0013351	0.024909	-0.00073205	-0.012168	0.001793	0.0072109	0.0033955	0.0089448	0.009465	0.0062872	-0.0019184	0.014415	-0.0060136	0.0046717	0.01752	0.01044
-0.065298	-0.029723	-0.045842	-0.038213	-0.22219	-0.19773	-0.13844	-0.027275	-0.49582	-0.029285	-0.05544	-0.024717	-0.092666	-0.17796	-0.06686	0.47949	-0.065901	-0.11486	-0.35989	-0.030502	-0.34043	-0.047973	-0.11142	-0.06485	-0.17129	-0.27007	-0.01371	-0.081396	-0.17264	-0.031434	-0.034044	-0.07489	-0.12309	-0.050201	0.18455	0.067553	-0.527	-0.00023794	-0.0025097	-0.33017	-0.12634	-0.083401	-0.013988	-0.0401	-0.12478	-0.069833	-0.39633	-0.15733	-0.0054308	-0.10288	-0.069315	-0.052534	-0.073166	-0.0098619	-0.027784	-0.10309	-0.049861	-0.26884	0.00080835	-0.21116	-0.30259	0.0075927	-0.0079587	-0.38819	-0.049926	-0.074703	-0.0022729	-0.032603	-0.10482	-0.052521	-0.16759	-0.091672	-0.0025576	-0.1892	-0.31313	-0.33863	0.024771	-0.047918	-0.034422	-0.017066	-0.29262	-0.010891	-0.020223	-0.53519	0.06487	0.23958	-0.028473	-0.13397	-0.046623	-0.040442	-0.20143	-0.033769	-0.030952	-0.33207	-0.12566	-0.12558	-0.30121	-0.1916
0.007028	-0.0097407	-0.013901	0.0039781	0.015328	-0.10812	0.0078938	0.002175	0.016392	0.0062447	0.0039501	0.0052126	0.011944	-0.013232	-0.043423	-0.065901	0.46971	-0.082922	0.023696	0.0036067	0.017219	-0.008377	-0.0025616	-0.090104	0.005929	0.0044794	0.0010053	0.0030359	0.015563	-0.0037893	0.011342	0.0098273	0.0066391	-0.0019504	-0.039586	-0.0052712	0.021331	0.00024227	0.0013125	0.017153	0.0076408	0.0043974	0.0039472	0.0034539	0.0061024	0.0019878	0.018823	0.010986	-0.0018525	0.0060458	-0.0021456	0.010657	-0.00060271	0.0042169	-0.0035188	0.00013653	-0.0005527	0.030166	-0.0020413	0.0092132	0.011616	-0.0047333	-0.00020167	0.020993	0.0095955	0.0060161	-0.0031473	-0.0040251	-0.0037165	0.0058533	0.0053351	0.0061597	0.00059629	0.011033	0.0088361	0.018271	-0.0026955	0.0041479	-0.0010946	0.00087249	0.013243	0.0027572	-0.00063512	0.02426	-0.0032784	-0.0093397	-0.00043963	0.006043	0.0011762	0.01293	0.013934	0.0045925	0.0021204	0.0098429	0.0018138	0.0026889	0.018554	0.017015
0.026296	0.022362	0.029135	0.023376	0.09145	0.0034092	0.071551	0.015136	0.23	0.015237	0.031374	0.021525	0.025887	0.0073259	-0.027143	-0.11486	-0.082922	0.6503	0.11734	-0.033402	0.1693	-0.028549	-0.0050311	-0.066165	0.028625	0.12291	0.0078791	0.052496	0.089597	0.017354	0.020822	0.042886	0.063167	0.017173	-0.09713	-0.039201	0.25121	0.0048363	0.0072118	0.1443	0.063784	0.034181	0.0058395	0.01544	0.05756	0.034788	0.18746	0.074279	0.0045571	0.050403	0.038667	0.03932	0.026737	0.0094199	0.015493	0.049778	0.019938	0.13155	-0.00068456	0.10217	0.12634	-0.0050957	0.0062574	0.17384	0.025525	0.030615	-0.0050808	0.01856	0.051291	0.025053	0.075553	0.042626	0.0043162	0.086581	0.15015	0.15885	-0.013218	0.025922	0.011477	0.015406	0.13839	0.0060738	0.0087358	0.25276	-0.0315	-0.11758	0.0090025	0.057465	0.023593	0.012316	0.10019	0.014702	0.0063839	0.16351	0.061656	0.053272	0.13498	0.083948
0.11125	0.045022	0.077789	0.053528	0.34402	0.23199	0.21201	0.035293	0.78229	0.040591	0.078762	-0.011439	0.08317	0.20586	0.012644	-0.35989	0.023696	0.11734	2.0683	-0.86362	0.4516	-0.04785	0.05791	0.016801	0.24349	0.42839	0.013322	0.091519	0.25789	0.064597	0.065707	0.1273	0.19525	0.074909	-0.3048	-0.1159	0.82512	-0.00047413	0.0081702	0.53327	0.19161	0.13536	0.018623	0.058418	0.19207	0.10895	0.61717	0.2462	0.0016299	0.1676	0.10692	0.087915	0.11216	0.015631	0.046771	0.16394	0.081087	0.43474	-0.0092831	0.32796	0.46716	-0.0079913	0.013989	0.60001	0.079655	0.11351	-0.00031253	0.047632	0.16214	0.083063	0.26798	0.14478	0.0014194	0.29206	0.48935	0.52845	-0.036326	0.073367	0.049041	0.029554	0.45311	0.021345	0.021952	0.83124	-0.10405	-0.37546	0.060036	0.1985	0.072286	0.062006	0.31548	0.052146	0.04603	0.52631	0.20745	0.19851	0.46847	0.29302
0.026337	0.006931	0.017586	0.0044549	0.018477	0.043036	0.022846	0.0040048	0.07469	0.0068094	4.1395e-05	-0.05242	-0.069379	-0.04183	-0.0029859	-0.030502	0.0036067	-0.033402	-0.86362	1.5606	-0.04723	-0.12431	-0.11829	-0.013841	0.026548	0.044561	-0.00075696	-0.015709	0.010745	0.019398	0.013716	0.01933	0.024857	0.0027822	-0.017421	-0.010098	0.07252	0.0053123	0.0093194	0.049596	0.022438	0.01587	0.0032505	0.0065131	0.017237	0.010024	0.061653	0.023794	0.0075793	0.017349	0.012868	0.0091418	0.016265	0.00056674	0.0096442	0.016954	0.019618	0.03934	4.559e-06	0.025225	0.041493	0.0031491	0.0049488	0.056422	0.0099675	0.0097634	0.0028855	0.010068	0.013416	0.011028	0.026281	0.010736	0.0047315	0.027117	0.048175	0.055375	-0.0019077	0.01106	0.007773	0.0043428	0.041663	0.0058676	0.0058149	0.072946	-0.013026	-0.020952	-0.0035705	0.020224	0.0096388	0.0090227	0.030986	0.0096986	0.010479	0.052363	0.021807	0.022886	0.042543	0.019024
0.08616	0.041751	0.056407	0.050544	0.3507	0.20705	0.18961	0.029154	0.69169	-0.011686	0.046485	-0.057776	0.12891	0.28209	0.020534	-0.34043	0.017219	0.1693	0.4516	-0.04723	1.3509	-0.0066733	0.091803	0.063646	0.2377	0.40393	-0.010465	-0.036083	0.13198	-0.026224	0.050089	0.11471	0.18276	0.07209	-0.28656	-0.10768	0.77223	0.0025537	0.011115	0.49624	0.19277	0.13256	0.018144	0.055469	0.18151	0.10328	0.5769	0.22889	0.0023556	0.15816	0.099973	0.083217	0.10618	0.0081021	0.04837	0.15097	0.054451	0.42089	-0.0064955	0.30501	0.43504	-0.0040611	0.0095299	0.56593	0.072489	0.10496	-0.00020347	0.048778	0.16183	0.086393	0.25454	0.13174	-0.003594	0.27599	0.46285	0.49673	-0.033949	0.069208	0.043091	0.025274	0.42972	0.018109	0.021938	0.77632	-0.093801	-0.34325	0.046166	0.18652	0.067824	0.063727	0.29283	0.042961	0.0468	0.49302	0.19241	0.18969	0.42735	0.28792
0.027507	0.00585	0.010466	0.012695	0.05247	0.049589	0.050653	0.018269	0.1079	0.008807	0.010441	-0.0074016	0.020938	0.032175	0.0032067	-0.047973	-0.008377	-0.028549	-0.04785	-0.12431	-0.0066733	1.7092	-0.96755	-0.10596	0.02221	0.011219	-0.059855	-0.064656	0.020529	0.014322	0.0031953	0.023414	0.032604	0.0014384	-0.032808	-0.01241	0.11583	0.0069587	0.0050043	0.078102	0.039778	0.024379	0.0052921	0.011039	0.028491	0.015045	0.083776	0.033366	-0.0035194	0.028376	0.016044	0.011072	0.014352	0.006385	0.0053917	0.028478	0.019077	0.054991	0.00096706	0.048706	0.068441	0.00071535	0.0026125	0.085678	0.015533	0.017522	0.0012411	0.0083741	0.019615	0.01175	0.03792	0.02264	5.6638e-05	0.040395	0.069686	0.075447	-0.0021017	0.0098797	0.0078511	0.0036977	0.063801	0.0031451	0.0081002	0.1156	-0.015123	-0.047963	0.0075568	0.034129	0.014953	0.020209	0.048382	0.010035	0.012368	0.071398	0.026568	0.023271	0.054977	0.012327
0.031664	0.021206	0.020049	0.01171	0.11433	0.089144	0.094949	0.022601	0.2505	0.014203	0.024616	0.0026336	0.051134	0.074801	-1.8685e-05	-0.11142	-0.0025616	-0.0050311	0.05791	-0.11829	0.091803	-0.96755	1.7467	-0.11072	0.063406	0.083546	-0.05937	-0.034335	0.075395	0.022339	0.015661	0.046521	0.066405	0.02042	-0.092735	-0.035135	0.26093	0.0056597	0.0049078	0.1746	0.072896	0.041683	0.0091708	0.021107	0.061008	0.033034	0.19213	0.07402	-0.00043593	0.055252	0.033582	0.02222	0.043603	0.00086092	0.014562	0.048347	0.031975	0.13438	0.00019686	0.10159	0.15601	-0.00044925	0.0045338	0.19085	0.026415	0.03344	0.0024824	0.014133	0.05219	0.027068	0.089461	0.041138	-0.00096041	0.093317	0.15266	0.16639	-0.0083046	0.024115	0.013227	0.0095155	0.14599	0.0065628	0.0090142	0.25933	-0.027419	-0.11373	0.01278	0.068615	0.028734	0.026461	0.098076	0.017653	0.018189	0.16337	0.063154	0.052101	0.13823	0.06829
0.001737	0.0052547	0.012008	0.0073587	0.033228	0.00020035	0.021515	0.0078288	0.052834	0.0062888	0.0073978	0.016033	0.024776	-0.019867	0.0016928	-0.06485	-0.090104	-0.066165	0.016801	-0.013841	0.063646	-0.10596	-0.11072	0.68382	-0.041732	-0.051257	-0.039627	0.02603	0.02581	0.034074	0.0031687	0.019326	0.013675	0.0011057	-0.063218	-0.012457	0.061679	0.0036721	0.0022565	0.047181	0.0020531	0.0071535	0.00049935	0.0082077	0.013574	0.012041	0.043771	0.011514	0.0037441	0.010482	0.0021044	0.00057281	0.012102	0.0024902	0.0029834	0.0040874	-0.00089405	0.014905	0.0094003	0.03154	0.037826	0.0016791	0.0083185	0.042112	0.0013732	0.0053363	0.0078305	0.0038613	0.014163	0.0013405	0.020542	0.0087495	-6.4466e-05	0.017715	0.033928	0.036001	-0.00081642	0.0041888	0.0089914	-0.0001458	0.031425	0.0043518	0.0085014	0.054624	-0.0096854	-0.028551	-0.00031068	0.02324	0.0059632	0.0057102	0.025777	0.0056843	0.0026826	0.021832	0.0045344	0.012123	0.032243	0.0045678
0.041232	0.023026	0.031766	0.027683	0.16116	0.10465	0.089026	0.018648	0.3281	0.016881	0.039287	0.018015	0.071967	0.12881	-0.013557	-0.17129	0.005929	0.028625	0.24349	0.026548	0.2377	0.02221	0.063406	-0.041732	0.46159	0.11356	-0.0068479	0.058343	0.12449	0.031962	-0.0041274	0.035841	0.061718	0.020228	-0.17012	-0.059467	0.3473	0.0025489	0.004702	0.21971	0.089555	0.053424	0.0086735	0.025507	0.086536	0.048973	0.2646	0.10847	0.0017002	0.073976	0.049345	0.047359	0.051911	0.0033571	0.022744	0.067107	0.036543	0.18521	-0.0016455	0.14007	0.1974	0.0051951	0.006877	0.25064	0.034586	0.053057	0.0023501	0.021149	0.069178	0.03568	0.11696	0.062976	-1.944e-05	0.12478	0.21392	0.22882	-0.018214	0.035957	0.021274	0.013631	0.19796	0.0082021	0.012388	0.36214	-0.050375	-0.16301	0.01635	0.083728	0.031146	0.029012	0.13564	0.022065	0.017773	0.22774	0.084112	0.084979	0.20102	0.13184
0.074278	0.039112	0.06174	0.047068	0.27474	0.17385	0.16459	0.032574	0.57074	0.033082	0.066672	0.037977	0.12285	0.20668	0.016921	-0.27007	0.0044794	0.12291	0.42839	0.044561	0.40393	0.011219	0.083546	-0.051257	0.11356	0.86871	-0.079297	0.071408	0.2066	0.046536	0.019287	-0.023544	0.086466	0.050048	-0.2386	-0.087016	0.62085	-0.0023926	0.0025654	0.39028	0.14579	0.097009	0.015427	0.047439	0.14805	0.085922	0.46514	0.18627	0.0015309	0.12549	0.078858	0.067616	0.083957	0.016025	0.031915	0.11927	0.06287	0.32074	-0.0052483	0.24587	0.36212	-0.0046299	0.010197	0.4549	0.055264	0.086046	0.0018434	0.038906	0.12007	0.062552	0.20015	0.11123	0.0029213	0.21926	0.36962	0.39515	-0.02692	0.055352	0.038361	0.019727	0.34349	0.014773	0.023925	0.62728	-0.073985	-0.27074	0.037795	0.15297	0.050315	0.045573	0.23712	0.038658	0.028608	0.3832	0.14534	0.14318	0.35167	0.22581
0.0034779	0.005482	0.0065482	0.0058809	0.022715	0.017307	0.018153	0.0098787	0.033994	0.0096289	0.0023199	0.007191	0.018032	0.021643	0.0070055	-0.01371	0.0010053	0.0078791	0.013322	-0.00075696	-0.010465	-0.059855	-0.05937	-0.039627	-0.0068479	-0.079297	0.68461	-0.10723	-0.0066184	-0.035036	-0.076555	-0.060991	-0.011599	0.00034099	-0.0049597	-0.0024941	0.033485	-0.0070899	-0.01278	0.021528	0.0022926	0.0023866	0.001283	0.0047577	0.017575	0.011028	0.031974	0.015277	0.0044467	0.011104	0.0075707	0.0041974	0.0060928	0.0020346	0.0022682	0.017872	0.016028	0.022092	-0.0026919	0.017666	0.020271	0.0030548	0.003865	0.028964	0.011965	0.0021665	0.0012869	0.0021394	0.0085408	0.0079685	0.016172	0.010926	0.0021424	0.015373	0.023959	0.026128	0.00019087	0.0054563	0.0054143	0.0048258	0.019947	0.0035974	0.0024904	0.039974	-0.0014973	-0.0074248	0.0021479	0.00914	5.1264e-05	0.005033	0.019526	0.00037783	-0.0046986	0.022823	0.012925	0.004568	0.018595	0.013892
0.032034	0.0069275	0.018448	0.018379	0.097727	0.052769	0.06208	0.014723	0.17481	-0.0040655	0.011353	0.00087287	0.047044	0.085694	-0.0021828	-0.081396	0.0030359	0.052496	0.091519	-0.015709	-0.036083	-0.064656	-0.034335	0.02603	0.058343	0.071408	-0.10723	0.95421	-0.049309	-0.16088	-0.065307	0.0016884	0.040397	0.01564	-0.063007	-0.024602	0.1903	-0.0019695	-0.0030444	0.092643	0.04143	0.03909	0.0067808	0.020541	0.048087	0.028829	0.1464	0.064898	0.0027811	0.042045	0.027705	0.027669	0.022667	0.010199	0.012793	0.041586	0.024246	0.10038	0.0047751	0.067268	0.1046	-0.0020151	0.0021178	0.14585	0.023507	0.036298	0.0031794	0.013437	0.047576	0.03271	0.064416	0.035102	-8.7033e-05	0.06525	0.11712	0.12456	-0.0046413	0.017309	0.013635	0.0079294	0.11098	0.0015155	0.005203	0.19811	-0.026211	-0.082427	0.01863	0.043811	0.018865	0.01951	0.063882	0.0094397	0.010688	0.12948	0.047247	0.041876	0.097223	0.068342
0.032857	0.023218	0.032354	0.028713	0.17534	0.099986	0.10596	0.019782	0.34971	-0.044554	0.016953	-0.014369	0.083065	0.14016	0.013743	-0.17264	0.015563	0.089597	0.25789	0.010745	0.13198	0.020529	0.075395	0.02581	0.12449	0.2066	-0.0066184	-0.049309	0.83729	-0.12227	0.0119	0.055823	0.090203	0.03131	-0.13685	-0.054057	0.39688	0.0029729	0.0060045	0.2436	0.059677	0.062891	0.0090301	0.031749	0.096137	0.052992	0.29862	0.11408	0.0094055	0.081034	0.054615	0.043395	0.050578	0.0091569	0.029554	0.058888	-0.021137	0.20621	0.0039556	0.16144	0.22281	0.00013819	0.0084531	0.28947	0.036494	0.050509	0.0035815	0.033816	0.086859	0.046974	0.12992	0.073725	0.00088151	0.14038	0.23776	0.26073	-0.017706	0.037991	0.025791	0.011037	0.21969	0.011037	0.013923	0.3988	-0.052687	-0.17289	0.023055	0.098332	0.035681	0.025332	0.14404	0.02912	0.027674	0.25168	0.098323	0.098401	0.22175	0.15313
0.010665	0.0040075	0.010513	0.012931	0.025897	0.019161	0.0279	0.010056	0.075409	-0.057308	-0.0058888	0.0045968	0.022994	0.023251	0.0011454	-0.031434	-0.0037893	0.017354	0.064597	0.019398	-0.026224	0.014322	0.022339	0.034074	0.031962	0.046536	-0.035036	-0.16088	-0.12227	0.88581	-0.073779	0.00080745	0.015546	0.0046287	-0.022081	-0.0087004	0.083011	-0.00061592	-0.013854	-0.016055	-0.12137	-0.016859	0.0060856	0.0065027	0.019251	0.012858	0.057758	0.028875	0.011714	0.022304	0.013012	0.0039091	0.018459	0.012241	0.01489	-0.031382	-0.095319	0.057584	0.0088888	0.035126	0.046227	-0.010745	0.00011891	0.063645	0.0081856	0.015814	-0.0020042	0.01368	0.027371	0.010871	0.020414	0.017794	0.0032011	0.032337	0.047266	0.054694	-0.0061126	0.010986	0.0020586	0.0014674	0.046432	0.0035191	0.0064874	0.077701	-0.010488	-0.027668	0.0029287	0.018226	0.0073762	-0.0013685	0.01844	0.0050588	0.0096958	0.049044	0.021289	0.020398	0.046311	0.042409
0.019245	0.011068	0.011793	0.005229	0.036016	0.018149	0.020761	0.006513	0.075988	0.013679	0.011538	0.011471	0.016353	0.023975	0.0046879	-0.034044	0.011342	0.020822	0.065707	0.013716	0.050089	0.0031953	0.015661	0.0031687	-0.0041274	0.019287	-0.076555	-0.065307	0.0119	-0.073779	0.50672	0.0022371	0.01741	0.0051204	-0.035964	-0.012458	0.052343	-0.050544	-0.084818	-0.004916	-0.02422	-0.0014202	0.00096192	0.0056274	0.025107	0.020694	0.061616	0.031901	0.0099584	0.016669	0.011522	0.013883	0.01579	0.0062648	0.018596	0.024108	0.024424	0.041121	0.0015934	0.028112	0.041363	0.0058928	0.0066706	0.060117	0.0063056	0.010428	0.0035938	0.0070369	0.016816	0.0089913	0.028978	0.014407	0.0029774	0.029012	0.047065	0.049251	-0.0048886	0.010455	0.0070996	0.0062448	0.042149	-0.00011215	0.0025969	0.078772	-0.0047062	-0.02442	0.011888	0.018945	-0.0037444	0.00388	0.027605	0.0021574	-0.00063578	0.042851	0.021477	0.022838	0.046347	0.033175
0.027466	0.011077	0.019111	0.018245	0.073855	0.041132	0.044858	0.010846	0.16484	0.0099265	0.020279	0.015016	0.034096	0.056112	0.0068624	-0.07489	0.0098273	0.042886	0.1273	0.01933	0.11471	0.023414	0.046521	0.019326	0.035841	-0.023544	-0.060991	0.0016884	0.055823	0.00080745	0.0022371	0.39802	-0.00053748	0.011714	-0.064169	-0.027667	0.1272	-0.036559	-0.003151	0.11135	0.035676	0.025707	0.0037615	0.011025	0.041964	0.028672	0.13344	0.051644	0.001667	0.037577	0.024116	0.02037	0.026458	0.0015049	0.009248	0.033281	0.016533	0.09358	-0.00088393	0.069014	0.099774	0.001221	0.0060384	0.13247	0.019631	0.026757	0.0031609	0.014573	0.034913	0.018955	0.057054	0.028451	0.0024693	0.065039	0.10516	0.11421	-0.0078919	0.016884	0.01017	0.0082656	0.096987	0.0052775	0.0043672	0.17709	-0.018938	-0.071624	0.017664	0.040677	0.011668	0.013756	0.064942	0.0089964	0.0090594	0.10532	0.048156	0.045648	0.099655	0.074914
0.035984	0.018509	0.026406	0.022972	0.12179	0.072796	0.074436	0.016924	0.26284	0.017727	0.032609	0.017427	0.055203	0.090219	0.0070218	-0.12309	0.0066391	0.063167	0.19525	0.024857	0.18276	0.032604	0.066405	0.013675	0.061718	0.086466	-0.011599	0.040397	0.090203	0.015546	0.01741	-0.00053748	0.31695	0.013587	-0.1291	-0.053981	0.22622	0.013709	0.026515	0.18505	0.065653	0.045854	0.004331	0.016042	0.060768	0.040528	0.21015	0.081233	0.00064996	0.061108	0.037196	0.028478	0.039776	0.0034099	0.015718	0.051662	0.024988	0.1463	-0.0012839	0.11218	0.16249	-0.0030605	0.0049851	0.21064	0.029147	0.041544	0.0047589	0.021784	0.054703	0.030287	0.091636	0.048217	0.0014899	0.10287	0.16862	0.18264	-0.011178	0.024374	0.017656	0.0095653	0.15472	0.0064203	0.0083836	0.28143	-0.033726	-0.11856	0.017466	0.061642	0.026468	0.021956	0.10744	0.017711	0.015625	0.17476	0.071115	0.069585	0.16224	0.11013
0.0098582	0.0062769	0.0098212	0.0048956	0.046123	0.031698	0.030256	0.0018415	0.098588	0.007023	0.0099157	0.0042577	0.01801	0.031945	0.0047737	-0.050201	-0.0019504	0.017173	0.074909	0.0027822	0.07209	0.0014384	0.02042	0.0011057	0.020228	0.050048	0.00034099	0.01564	0.03131	0.0046287	0.0051204	0.011714	0.013587	0.69265	-0.58549	-0.03061	0.098375	-0.0096016	-0.0030805	0.064308	0.023812	0.015295	0.0027064	0.0047538	0.019109	0.0082114	0.074892	0.030844	0.00044567	0.02388	0.011226	0.010449	0.012382	0.0011761	0.008922	0.018629	0.011356	0.054425	-0.0010454	0.042109	0.060486	-0.0035698	0.00087231	0.075141	0.014313	0.010562	-8.8812e-05	0.0065955	0.022748	0.0076518	0.034453	0.015312	-5.9274e-05	0.036737	0.061571	0.069256	-0.0060975	0.0068321	0.0066779	0.0047057	0.058365	0.0020032	0.0010126	0.10071	-0.018283	-0.060479	0.00046884	0.022506	0.01019	0.0066001	0.039814	0.0048516	0.0053891	0.06678	0.02269	0.02548	0.060257	0.034958
-0.053433	-0.025491	-0.039209	-0.027971	-0.19781	-0.080064	-0.12232	-0.021927	-0.41654	-0.025387	-0.046655	-0.021914	-0.090211	-0.14792	0.0022137	0.18455	-0.039586	-0.09713	-0.3048	-0.017421	-0.28656	-0.032808	-0.092735	-0.063218	-0.17012	-0.2386	-0.0049597	-0.063007	-0.13685	-0.022081	-0.035964	-0.064169	-0.1291	-0.58549	1.0381	0.016123	-0.50244	-0.012526	-0.0098583	-0.2876	-0.09907	-0.060774	-0.013111	-0.033574	-0.11454	-0.065291	-0.33308	-0.13011	0.0067372	-0.081422	-0.053435	-0.054467	-0.055046	-0.00070919	-0.024068	-0.080728	-0.039986	-0.23437	0.0058716	-0.17437	-0.25267	-0.0039577	-0.0097769	-0.32408	-0.045191	-0.056467	-0.0021467	-0.030082	-0.09107	-0.040607	-0.14757	-0.072833	0.0011331	-0.15275	-0.26236	-0.27284	0.022008	-0.039588	-0.024641	-0.014528	-0.24599	-0.0037038	-0.0081868	-0.44843	0.045311	0.14838	-0.079204	-0.099018	-0.031687	-0.031018	-0.16617	-0.021179	-0.018401	-0.27334	-0.10536	-0.10496	-0.24948	-0.15987
-0.01759	-0.0089887	-0.016215	-0.011844	-0.074001	-0.0322	-0.044841	-0.0086813	-0.15843	-0.00667	-0.017515	-0.0082536	-0.029804	-0.055526	-0.0032876	0.067553	-0.0052712	-0.039201	-0.1159	-0.010098	-0.10768	-0.01241	-0.035135	-0.012457	-0.059467	-0.087016	-0.0024941	-0.024602	-0.054057	-0.0087004	-0.012458	-0.027667	-0.053981	-0.03061	0.016123	0.31846	-0.20583	-0.014473	-0.0070403	-0.10691	-0.035705	-0.027276	-0.0089738	-0.018066	-0.048881	-0.10708	-0.12551	-0.047792	-0.0017485	-0.033333	-0.014899	-0.0097193	-0.023757	-0.0029667	-0.0055538	-0.030736	-0.01547	-0.092936	-0.00073239	-0.07365	-0.099443	0.0013794	0.001524	-0.12024	-0.018305	-0.023058	-0.0020921	-0.0068886	-0.029115	-0.013992	-0.055135	-0.028116	0.0025292	-0.0594	-0.097614	-0.084002	-0.018068	-0.0088684	-0.007676	-0.0029588	-0.094221	-0.0038632	-0.00020196	-0.17215	-0.0038813	0.065957	-0.023182	-0.038899	-0.011429	-0.01397	-0.064965	-0.008254	-0.0046771	-0.10422	-0.043391	-0.0378	-0.097485	-0.062524
0.14292	0.068205	0.10749	0.083335	0.51976	0.31271	0.3184	0.062329	1.1184	0.061915	0.12854	0.062474	0.2267	0.39392	0.021941	-0.527	0.021331	0.25121	0.82512	0.07252	0.77223	0.11583	0.26093	0.061679	0.3473	0.62085	0.033485	0.1903	0.39688	0.083011	0.052343	0.1272	0.22622	0.098375	-0.50244	-0.20583	1.7033	-0.095416	-0.049623	0.74037	0.27809	0.18779	0.0088001	0.058576	0.2395	0.13088	0.88924	0.35005	0.006683	0.24967	0.15197	0.1288	0.16614	0.030765	0.073115	0.2378	0.12425	0.62738	-0.006566	0.47669	0.67975	-0.0037307	0.015581	0.87762	0.11468	0.16019	0.0035909	0.074556	0.23437	0.11622	0.38977	0.21551	0.0042993	0.42282	0.71413	0.7703	-0.051803	0.10195	0.071684	0.041679	0.66754	0.02208	0.031076	1.2018	-0.14971	-0.54065	0.071614	0.28632	0.097857	0.090974	0.45918	0.073351	0.069131	0.75935	0.2944	0.28837	0.68031	0.44464
0.004266	0.00324	0.0017225	0.0024186	0.0037588	-0.0025451	0.0036844	0.0025916	-0.0039444	0.0087967	0.0029761	0.0063198	0.0021587	0.00053574	0.00094128	-0.00023794	0.00024227	0.0048363	-0.00047413	0.0053123	0.0025537	0.0069587	0.0056597	0.0036721	0.0025489	-0.0023926	-0.0070899	-0.0019695	0.0029729	-0.00061592	-0.050544	-0.036559	0.013709	-0.0096016	-0.012526	-0.014473	-0.095416	0.4864	-0.10009	-0.053071	-0.0046032	-0.01975	-0.023804	-0.024306	-0.026244	-0.0042084	-0.0040198	-0.0083851	-0.010256	0.0045653	0.0032909	0.0037324	0.0067887	0.0044693	0.0089508	0.0075079	0.0087384	-0.0022901	0.0058512	0.0021656	0.00059218	0.0036397	0.0042163	0.0033313	0.00085762	0.0043557	0.0057574	0.005339	0.0014923	0.0047306	0.005805	-0.00044068	0.0023922	0.0033265	0.0026506	0.0040521	0.0032052	0.00023686	0.00049506	-0.00050291	-0.0028169	-0.0035036	-0.0050674	-0.00032876	0.0012102	0.0048813	-0.0024983	0.00088302	-0.0016648	0.001614	-0.0014928	0.0042649	0.0032817	0.0012362	0.002248	0.00075544	0.0027974	0.0028209
0.0068905	0.0022607	0.0055682	0.0055363	0.0055075	0.0016633	-0.0013435	0.0012126	0.013625	0.0076762	0.004923	0.0032381	0.0043808	0.0013398	-0.0010452	-0.0025097	0.0013125	0.0072118	0.0081702	0.0093194	0.011115	0.0050043	0.0049078	0.0022565	0.004702	0.0025654	-0.01278	-0.0030444	0.0060045	-0.013854	-0.084818	-0.003151	0.026515	-0.0030805	-0.0098583	-0.0070403	-0.049623	-0.10009	0.54116	-0.080592	-0.032617	-0.043126	-0.02527	-0.020233	-0.0092354	0.0015185	0.0061221	-0.011863	-0.02675	0.0045852	0.00046157	-0.00087801	0.0086372	0.0039089	0.0057821	0.00050914	0.0043349	0.011827	0.0052074	0.0093977	0.011369	0.0018193	0.0017207	0.014913	0.004379	0.00255	0.0042773	0.0051212	-0.00062518	0.0022947	0.0039715	0.0016682	-0.0006989	0.0037826	0.0069243	0.011027	0.0024497	-0.0026655	0.0028288	0.0028653	0.0029329	-0.0036362	-0.0051977	0.0095405	4.9175e-06	-0.00013079	0.0049703	0.0023308	-0.001221	0.0044835	0.0045701	-0.00012532	0.002145	0.0036828	0.0074023	0.0053554	0.0075788	0.0099831
0.093411	0.04148	0.062981	0.057466	0.32584	0.19515	0.20363	0.041452	0.72032	0.034556	0.082885	0.047145	0.14297	0.24424	0.016371	-0.33017	0.017153	0.1443	0.53327	0.049596	0.49624	0.078102	0.1746	0.047181	0.21971	0.39028	0.021528	0.092643	0.2436	-0.016055	-0.004916	0.11135	0.18505	0.064308	-0.2876	-0.10691	0.74037	-0.053071	-0.080592	1.1805	0.086044	0.008813	-0.0093281	0.040616	0.17541	0.10191	0.56436	0.20562	-0.058188	0.15635	0.1088	0.080245	0.095954	0.0046634	0.00099516	0.12011	0.058347	0.39443	0.0005325	0.31225	0.44898	-0.017078	0.011291	0.55515	0.071591	0.11638	0.0050061	0.051902	0.1521	0.081264	0.22914	0.12272	0.0032834	0.27053	0.45801	0.4864	-0.038708	0.073982	0.042536	0.01591	0.41523	0.01388	0.029833	0.77088	-0.090678	-0.34037	0.047295	0.18241	0.069705	0.04813	0.29884	0.048671	0.041144	0.4918	0.18155	0.17793	0.43856	0.28125
0.034454	0.022427	0.039737	0.025558	0.11213	0.077144	0.073201	0.015943	0.27263	-0.01672	0.027165	0.022285	0.049895	0.086707	0.0047223	-0.12634	0.0076408	0.063784	0.19161	0.022438	0.19277	0.039778	0.072896	0.0020531	0.089555	0.14579	0.0022926	0.04143	0.059677	-0.12137	-0.02422	0.035676	0.065653	0.023812	-0.09907	-0.035705	0.27809	-0.0046032	-0.032617	0.086044	0.85641	-0.083538	0.00092544	0.017491	0.063305	0.03942	0.20949	0.081298	-0.020903	0.059737	0.034237	0.031241	0.047611	-0.0037189	-0.053227	-0.074666	-0.085099	0.1445	0.01452	0.11424	0.15729	0.0055792	0.0040925	0.2085	0.027738	0.028112	0.014246	0.025431	0.03972	0.02296	0.077593	0.043583	0.0054301	0.10019	0.1657	0.17915	-0.016037	0.022228	0.019056	0.013237	0.15141	0.0091702	0.0075593	0.2798	-0.03301	-0.11882	0.018742	0.068223	0.025368	0.020594	0.1076	0.016432	0.016448	0.16753	0.074357	0.073254	0.16324	0.10431
0.027994	0.016158	0.022265	0.015739	0.082064	0.054667	0.050973	0.011345	0.18467	0.0030269	0.021106	0.012393	0.036308	0.06184	0.0056638	-0.083401	0.0043974	0.034181	0.13536	0.01587	0.13256	0.024379	0.041683	0.0071535	0.053424	0.097009	0.0023866	0.03909	0.062891	-0.016859	-0.0014202	0.025707	0.045854	0.015295	-0.060774	-0.027276	0.18779	-0.01975	-0.043126	0.008813	-0.083538	0.92474	-0.019605	0.0050375	0.037704	0.029897	0.1398	0.020312	-0.12441	0.046221	0.024044	0.022986	-0.0012019	-0.060187	-0.09821	-0.046016	-0.015103	0.09595	-0.022851	0.070416	0.11193	0.0042106	0.0051035	0.14544	0.02528	0.03327	0.0010162	0.009545	0.042199	0.018415	0.05897	0.027137	0.0020023	0.070426	0.11497	0.12403	-0.0078949	0.01921	0.010422	0.011494	0.10426	0.0050404	0.0085446	0.19738	-0.026376	-0.081997	0.010303	0.049042	0.017201	0.013965	0.075657	0.0086268	0.013935	0.12443	0.049487	0.047537	0.11164	0.072008
0.0057615	0.0038178	0.0029151	0.0046897	0.016594	0.0084468	0.010995	0.0045236	0.023684	0.0018199	0.0030808	0.0015886	0.0054611	0.012704	0.00044614	-0.013988	0.0039472	0.0058395	0.018623	0.0032505	0.018144	0.0052921	0.0091708	0.00049935	0.0086735	0.015427	0.001283	0.0067808	0.0090301	0.0060856	0.00096192	0.0037615	0.004331	0.0027064	-0.013111	-0.0089738	0.0088001	-0.023804	-0.02527	-0.0093281	0.00092544	-0.019605	0.35463	-0.024098	-0.010779	-0.0012133	0.0099553	-0.026265	-0.041534	0.00771	0.0012202	-0.0049468	-0.011271	-0.010816	-0.0027103	0.008215	0.0081425	0.019328	-0.00045748	0.0083126	0.018477	-0.00086754	0.0022516	0.02288	0.0056232	0.01024	0.0015092	0.00090756	0.0059102	0.0032851	0.011068	0.010669	-0.0038095	0.0088399	0.019834	0.024155	0.0020606	0.0002795	0.0013564	0.0011946	0.014521	-0.00091952	-0.00057261	0.028604	-0.0041511	-0.0094944	0.0034438	0.0082236	0.0050953	0.0028598	0.013696	0.0024771	0.0016769	0.023263	0.0049574	0.0080186	0.016806	0.012198
0.0090636	0.0069247	0.01058	0.0082106	0.039673	0.023882	0.025558	0.0072572	0.080146	0.0077626	0.010616	0.0040673	0.021047	0.029727	0.0020071	-0.0401	0.0034539	0.01544	0.058418	0.0065131	0.055469	0.011039	0.021107	0.0082077	0.025507	0.047439	0.0047577	0.020541	0.031749	0.0065027	0.0056274	0.011025	0.016042	0.0047538	-0.033574	-0.018066	0.058576	-0.024306	-0.020233	0.040616	0.017491	0.0050375	-0.024098	0.32437	-0.013314	-0.0062617	0.044093	-0.0010636	-0.019382	0.017942	0.0051607	0.0019887	0.00093346	-0.0018619	0.0070358	0.021114	0.0094659	0.055933	0.0056436	0.036692	0.046805	-0.00086279	0.0026517	0.06365	0.011673	0.011723	0.0019899	0.0040288	0.017819	0.0074151	0.026732	0.016933	0.00077736	0.032996	0.05379	0.060443	-0.0055794	0.0087527	0.0021913	-0.0014654	0.049503	0.0023875	0.00061658	0.089368	-0.0095855	-0.037087	0.0050878	0.020885	0.0099141	0.012317	0.035049	0.0079362	0.0075461	0.057809	0.022232	0.02188	0.050025	0.033698
