0.70469	-0.14575	-0.025628	0.016959	0.041309	0.015039	0.03046	-0.013875	0.15135	0.16435	0.0092909	0.020337	0.26672	-0.03001	0.03093	0.018838	0.021423	0.038178	0.0024053	-0.053319	0.010285	0.060861	0.22301	0.014359	0.20458	0.01877	0.062716	0.018378	0.020353	-0.075867	0.10241	0.15814	0.01007	0.047156	0.10027	0.013397	0.02511	0.070737	0.029376	-0.094323	-0.04389	0.30301	-0.0038238	0.0040381	0.20177	0.068611	0.052377	0.0093652	0.017524	0.047055	0.033764	0.10874	0.19471	0.090798	0.0026471	0.047974	0.013329	0.032001	0.038855	0.016142	-0.0087881	-0.044939	-0.073198	0.086423	-0.017048	0.12188	0.17541	0.0013542	0.0086174	0.24293	-0.020538	0.010482	0.036943	0.034634	0.0093458	-0.013325	-0.014441	-0.077696	0.083612	0.055886	-0.0044762	0.11016	0.18615	0.013557	0.221	-0.010077	0.022982	0.01552	0.011805	0.16624	0.00036062	0.0014971	0.3046	-0.038158	-0.10211	0.033175	0.06292	0.034494	0.0089124	0.050705	-0.0024155	0.10493	0.032244	0.007694	0.16307	0.10798	-0.094716	0.015262	0.023468	0.059026	0.015561	0.19527	0.020856	0.25818	-0.025749
-0.14575	0.7404	-0.10115	-0.10294	0.014159	0.0041997	0.011331	-0.0021635	0.021695	0.025136	-0.0074053	-0.043486	-0.080126	-0.10287	-0.021721	0.0074056	0.0050106	0.0069977	-0.00093119	-0.0051892	-0.0040127	0.0069952	0.029743	0.0046909	0.029086	0.0052415	0.011096	0.0040198	0.0021278	-0.007958	0.0138	0.018193	0.0075797	0.01662	0.014636	0.0070907	0.0073986	0.01147	0.0036215	-0.013036	-0.00011437	0.02991	-6.6274e-05	-0.00099475	0.02116	0.016091	0.0054692	0.0011908	-0.000822	0.0094513	0.0073618	0.013928	0.02319	0.012354	0.0057962	0.0069428	0.00051364	-0.0017454	0.0026195	0.0093495	0.0060357	-0.0013282	-0.072769	0.01315	0.0011482	0.018373	0.023629	0.0033135	0.0006896	0.028208	-0.0027338	0.003212	0.0099693	0.0029916	0.0019867	0.00043675	-0.017105	-0.071238	0.015411	0.0086311	0.0056451	0.011986	0.021766	0.0021952	0.02727	0.0011962	0.0050149	0.0015213	0.0021316	0.021881	-6.0929e-05	0.0014934	0.02918	-0.0029309	-0.011463	0.0045273	0.0053143	0.0081832	0.0074228	0.0069316	-0.0085265	0.0032915	0.014326	0.0035708	0.021244	0.014643	-0.010916	0.0041674	0.0014328	0.011583	0.0089262	0.02942	0.013654	0.027006	-0.0031079
-0.025628	-0.10115	0.6131	-0.091678	-0.020406	0.0011014	0.015197	-0.0045294	0.020794	0.018113	0.00021221	-0.0050499	0.0035819	0.00063171	0.0061176	0.0075529	0.0077138	0.014221	0.00014612	-0.0071313	0.0032707	0.010406	0.034574	0.010341	0.036943	0.0034971	0.0025686	0.0033996	0.0051346	-0.010834	0.01653	0.021588	-3.8941e-05	0.011471	0.010494	-0.0026852	0.001064	0.0085181	0.0033105	-0.0096927	-0.0027107	0.037202	0.003093	0.0033995	0.027818	0.011545	0.010854	0.0063175	0.0013099	0.009265	0.0062553	0.013089	0.025695	0.012277	-0.0015765	0.006823	0.0019673	0.0066829	0.0056572	0.0018555	0.0043857	0.011458	0.0040161	0.029496	-0.0013789	0.016565	0.021999	0.0022265	0.0067085	0.038831	-0.00084741	0.0027274	-0.001021	0.0078414	-0.00024641	0.0094657	-0.012459	-0.09348	-0.010187	0.011787	0.003061	0.013644	0.027413	0.0017584	0.031477	4.7898e-05	0.002556	0.0026036	0.00255	0.022739	0.0038572	0.0015665	0.040696	-0.0052576	-0.0071197	0.0069044	0.014426	0.0086981	0.003595	-0.0091571	-0.050325	-0.049019	-0.026504	-0.00011943	0.026072	0.017311	-0.012577	0.0039304	0.011475	0.0019529	-0.0043176	-0.016851	-0.0091691	0.035523	-0.0015163
0.016959	-0.10294	-0.091678	0.69047	-0.092139	-0.0057698	-0.0008895	-0.0026676	0.043076	0.038387	-0.053535	-0.054131	0.025299	-0.0046747	-0.0036346	-0.0066153	0.0057152	0.018024	0.0077037	-0.0099811	0.0089104	0.025497	0.07202	0.0053058	0.062556	0.009408	0.02759	0.0090848	0.0090636	-0.024443	0.0299	0.048537	0.0068624	0.020384	0.033909	0.011001	0.0075616	0.022902	0.010169	-0.0267	-0.013362	0.09045	-0.00050943	4.6974e-05	0.063214	0.027512	0.013335	-0.00055149	0.0030351	0.01487	0.0142	0.037961	0.06228	0.02828	0.0012434	0.013725	0.0054573	0.010519	0.016813	-0.0016253	0.0085137	0.021954	0.0047858	0.051291	0.004891	0.032589	0.049068	0.0051467	0.0030526	0.078247	-0.0026134	0.006541	0.013479	0.016119	-0.011669	0.016263	0.018908	-0.0080265	0.026795	0.022414	0.00082264	0.032567	0.059235	0.0055413	0.071315	-0.0049996	0.0080197	0.0073052	0.00089717	0.054959	0.0028988	0.00038783	0.091691	-0.0084506	-0.030382	0.0083436	0.020571	0.021965	0.0072905	0.012674	-0.0059875	-0.0005717	-0.0091765	0.0032333	0.056981	0.036135	-0.026619	0.010149	0.01817	0.023012	-0.0042786	-0.027865	-0.031262	0.072099	-0.0011008
0.041309	0.014159	-0.020406	-0.092139	0.5778	-0.011981	-0.024995	-0.0074555	0.047632	0.026646	-0.074817	-0.035764	0.089801	0.0061397	0.00543	-0.018587	0.00093225	0.017651	0.0043772	-0.011668	0.0034357	0.028887	0.082676	0.005409	0.070162	0.0088113	0.027802	0.0045347	0.0087545	-0.0247	0.038429	0.058748	0.0060534	0.019309	0.038195	0.0057651	0.012022	0.025339	0.010037	-0.035579	-0.017725	0.11007	0.0029801	0.00092822	0.07271	0.023416	0.017787	-0.00018325	0.007329	0.019098	0.014574	0.04117	0.073117	0.034576	0.00046817	0.016471	0.0066927	0.0091914	0.014002	0.0036952	0.0055415	0.019742	0.0085248	0.053771	-0.0024653	0.038926	0.065565	0.0013946	0.0023432	0.08971	-0.004509	0.0069409	0.016067	0.014812	0.0077583	0.0056459	0.02167	0.0095571	0.0412	0.012544	-0.0022735	0.034889	0.065992	0.0053681	0.079213	-0.0014927	0.010778	0.0046853	0.004355	0.062311	-0.00030937	0.0027923	0.10952	-0.013129	-0.036746	0.015477	0.027079	0.015715	0.0075218	0.021739	0.0062952	0.026989	-0.0054924	-0.0017728	0.063835	0.038396	-0.027254	0.015265	0.016976	0.016933	-0.021786	-0.028858	-0.075995	0.071567	-0.0077697
0.015039	0.0041997	0.0011014	-0.0057698	-0.011981	0.20715	-0.011373	-0.0069072	0.015063	0.010244	-0.013851	-0.0043012	0.040223	0.0040638	0.0029381	-0.0015277	-0.002362	0.00070056	-0.0031301	-0.0099371	0.0023483	0.0072935	0.031457	0.00016472	0.031532	0.0043208	0.0068281	0.0081955	0.0055148	-0.012842	0.015528	0.024133	-0.0015255	0.0075247	0.014694	0.0038773	0.0053466	0.012814	0.0064633	-0.015147	-0.0060653	0.046183	0.0017205	0.00053918	0.032989	0.0098796	0.0059507	0.0036446	0.0031979	0.0072122	0.0082252	0.018612	0.030926	0.013289	0.0025021	0.0088079	0.0028775	0.0036803	0.0097819	-0.00048646	0.0034172	0.0080469	0.0032963	0.024514	-0.0010392	0.018681	0.028014	0.00045263	0.0022206	0.03942	-0.0038832	-0.00085051	0.0048078	0.0068559	0.0034838	0.0028607	0.0074519	0.00234	0.014663	0.008909	-0.001366	0.018743	0.030485	0.0033446	0.036211	-0.0015626	0.0046134	0.0032695	0.00046577	0.025505	0.00022143	0.0026986	0.046935	-0.0063025	-0.01357	0.0061986	0.010384	0.0073635	-0.00032229	0.0078767	0.0022905	0.013251	0.0028539	-0.00075492	0.025092	0.015437	-0.01231	0.00034549	0.0002784	0.00027273	-0.0031171	0.024273	-0.016182	0.029447	-0.0042798
0.03046	0.011331	0.015197	-0.0008895	-0.024995	-0.011373	0.75694	-0.053966	0.0024522	-0.022679	-0.042066	-0.0045441	0.098105	0.0057729	0.017849	0.0097298	-0.01657	-0.040023	-0.046008	-0.043267	-0.016051	0.0014944	0.063894	0.0039129	0.075086	0.017022	0.025986	0.0063067	0.0079575	-0.020541	0.037692	0.05768	0.0043422	0.011951	0.040893	0.0084016	0.010702	0.028369	0.0094824	-0.01914	-0.0068352	0.10393	-0.0010041	7.9272e-05	0.068644	0.023663	0.016447	-0.00012718	0.0019255	0.016938	0.012736	0.0399	0.068189	0.034156	0.00038119	0.015159	0.0034937	0.012339	0.011657	0.0073898	0.0020625	0.0067868	0.0099332	0.057041	-0.0016028	0.037194	0.058597	-0.0023457	0.008848	0.084731	-0.0079073	0.0024085	0.012916	0.0099782	0.00019025	0.0069952	0.0096889	0.0072827	0.027008	0.026187	0.005653	0.039317	0.063928	0.0058517	0.077399	-0.0019489	0.0091387	0.0066344	0.0004922	0.05222	-0.0018846	0.0048164	0.10322	-0.0070301	-0.034482	0.0061437	0.030747	0.016682	0.0036634	0.020104	0.0029308	0.036335	0.0067874	-0.0070675	0.055907	0.034506	-0.057667	-0.021755	-0.029362	-0.014938	-0.0059577	0.061379	-0.06336	0.036744	-0.053202
-0.013875	-0.0021635	-0.0045294	-0.0026676	-0.0074555	-0.0069072	-0.053966	0.37025	-0.049971	-0.056082	-0.0016217	-0.00046477	-0.045695	0.0012467	-0.0027751	-0.00029716	-0.0082562	-0.034342	-0.042188	-0.022548	-0.026906	-0.026716	-0.04841	-0.00031989	-0.031372	-0.00019743	-0.0083086	-0.010291	-0.005177	0.012924	-0.017566	-0.024937	0.0024129	-0.009876	-0.011498	-0.0022182	-0.0056658	-0.010078	-0.0022933	0.029465	0.016732	-0.052396	-0.00011814	-5.4291e-05	-0.033629	-0.014696	-0.0034744	-0.00088916	-0.000122	-0.0072522	-0.0052623	-0.01931	-0.032582	-0.015891	0.00091747	-0.0092349	-0.0029481	-0.0057598	-0.0048256	0.0015231	-0.0021123	-0.007616	-0.00071883	-0.028401	0.0011833	-0.019419	-0.030261	-0.0011921	0.00045712	-0.040857	0.0033442	0.00039253	-0.0013513	-0.0054028	0.00013807	-0.0034427	-0.0039946	-0.0019925	-0.015865	-0.0061724	-0.002815	-0.018961	-0.030262	-0.0015918	-0.035577	0.0061225	-0.003674	-0.0014897	0.0022878	-0.025849	0.0020553	-0.0010445	-0.053654	0.0051435	0.024835	-0.0040532	-0.01156	-0.0031705	-0.0011809	-0.0075803	-0.0007913	-0.014068	-0.0039934	-0.0014776	-0.027702	-0.020879	-0.0065239	-0.025803	-0.026449	-0.009153	0.0021835	-0.028556	0.0015947	-0.053811	-0.031889
0.15135	0.021695	0.020794	0.043076	0.047632	0.015063	0.0024522	-0.049971	0.71598	0.25072	-0.023698	0.020829	0.52054	0.024182	0.05853	0.018224	0.0085271	0.030105	-0.02708	-0.11413	-0.0018827	0.094566	0.3935	0.011344	0.35972	0.040246	0.10456	0.030394	0.031346	-0.14203	0.1903	0.27941	0.011343	0.082041	0.17196	0.025686	0.040732	0.12864	0.05468	-0.16026	-0.072918	0.54828	-0.0057173	-0.00063278	0.35761	0.12027	0.079131	0.0075543	0.01953	0.083413	0.066523	0.19297	0.34674	0.16121	-0.0012132	0.084467	0.022356	0.047643	0.070971	-0.0012443	0.02962	0.086997	0.020244	0.27095	-0.011375	0.21527	0.30966	0.0028054	0.017795	0.44167	-0.040337	0.016929	0.062207	0.060456	-0.0028123	0.031749	0.083633	0.016352	0.15145	0.091722	-0.0017786	0.18421	0.33126	0.023832	0.39838	-0.019586	0.040017	0.029022	0.015531	0.29392	-0.0053231	0.0040485	0.54114	-0.073089	-0.17002	0.058791	0.11496	0.066892	0.011502	0.088095	0.016555	0.19152	0.032361	0.0062043	0.29105	0.19018	-0.17885	0.016549	0.024407	0.093755	0.027568	0.34306	0.026213	0.4431	-0.066046
0.16435	0.025136	0.018113	0.038387	0.026646	0.010244	-0.022679	-0.056082	0.25072	1.0014	-0.1094	-0.019268	0.55131	0.025666	0.054531	-0.0082687	-0.019274	0.012919	-0.024388	-0.10184	0.0074108	0.099124	0.40431	0.010053	0.3868	0.046592	0.11091	0.023057	0.038536	-0.15048	0.19749	0.30267	0.0071408	0.085667	0.19424	0.028787	0.039595	0.1395	0.055497	-0.17753	-0.076555	0.58255	-0.0028252	-0.0010552	0.38046	0.12768	0.084627	0.010061	0.020409	0.088939	0.070838	0.20695	0.37212	0.1783	-0.0036411	0.084719	0.026562	0.051621	0.075362	-0.00018108	0.026124	0.096853	0.023964	0.28654	-0.0073054	0.23146	0.33072	-0.0026466	0.024415	0.47614	-0.046412	0.018452	0.0648	0.061693	-0.0063027	0.03338	0.093781	0.014292	0.1613	0.091927	-0.0038472	0.19964	0.35782	0.027788	0.42317	-0.021966	0.038557	0.028559	0.017177	0.31503	-0.0079407	0.0044804	0.5792	-0.071096	-0.19111	0.06298	0.119	0.068452	0.018803	0.094068	0.019397	0.20498	0.035869	0.0083751	0.31727	0.2056	-0.18452	0.023193	0.038449	0.10426	0.025191	0.36471	0.01843	0.47351	-0.056778
0.0092909	-0.0074053	0.00021221	-0.053535	-0.074817	-0.013851	-0.042066	-0.0016217	-0.023698	-0.1094	0.67461	-0.10688	-0.02035	0.0040275	-0.019415	-0.060434	-0.044197	-0.039065	0.00061264	0.0098372	0.0044051	0.00090789	0.0040849	-0.0016103	0.013561	0.011645	0.01436	0.0019919	-0.00050406	-0.0058872	0.0060366	0.0097766	0.0060916	0.010469	0.013711	-0.00024253	0.0020453	0.0060727	0.00089698	-0.0090668	-0.00012847	0.018389	-0.00019025	0.00056149	0.013424	0.0044113	0.003218	0.0039992	0.0037938	0.0031395	0.0024159	0.0092494	0.014429	0.0045496	0.00077235	0.010339	0.003185	0.0038602	9.7145e-05	0.00050768	0.0044939	0.0074528	0.0064718	0.01189	-0.0026839	0.0083939	0.01104	0.0061138	0.0040318	0.013178	0.0013843	-0.00026644	0.0051252	0.0021827	0.00044734	0.0018751	0.0046015	0.0080512	0.007523	0.0029095	-0.00082356	0.0096407	0.010649	0.0028145	0.013904	-0.00092263	0.0055374	0.0027062	0.0041983	0.0098686	0.0011612	0.0032288	0.018627	-0.0031405	-0.0062589	0.0041201	0.0066525	-0.00027273	0.0041737	0.0088292	0.0047666	0.0070667	0.0046525	0.0030701	0.010531	0.0075111	-0.002609	0.007217	0.0061622	0.012242	0.0034363	-0.0011059	-0.022618	0.0099123	0.0063094
0.020337	-0.043486	-0.0050499	-0.054131	-0.035764	-0.0043012	-0.0045441	-0.00046477	0.020829	-0.019268	-0.10688	0.54958	0.0045954	-0.028285	-0.031097	-0.068284	-0.025892	-0.0063339	0.0033893	-0.0043704	0.0061776	0.014471	0.040707	-0.0054075	0.031286	0.011828	0.021201	0.0072611	0.002778	-0.013377	0.021455	0.031856	0.0041852	0.015647	0.01971	0.012941	0.0076208	0.015779	0.0069703	-0.019729	-0.010031	0.060983	-0.00060139	0.0024072	0.043822	0.017848	0.011991	2.9074e-05	0.0026074	0.012776	0.0092601	0.023895	0.042266	0.02001	0.00075659	0.010132	0.0033965	0.0068243	0.0074544	-0.0011432	0.0072411	0.011336	0.0015067	0.031814	-0.00033831	0.023886	0.034547	0.0011307	0.0066405	0.052329	-0.002608	0.0036691	0.0080503	0.0096455	0.0066503	0.0036723	0.016063	0.010727	0.017233	0.011632	0.0010605	0.021301	0.037035	0.0030926	0.045739	-0.00067676	0.006581	0.0033549	-1.3021e-05	0.036868	-0.0012588	0.0019831	0.062315	-0.0074581	-0.020563	0.0064481	0.012926	0.0078652	0.0017269	0.012013	0.005035	0.022945	0.011686	0.0037764	0.03286	0.022909	-0.013071	0.005446	0.014395	0.016912	0.0054422	0.033771	5.4863e-05	0.054903	0.00031405
0.26672	-0.080126	0.0035819	0.025299	0.089801	0.040223	0.098105	-0.045695	0.52054	0.55131	-0.02035	0.0045954	1.4567	-0.025449	0.073252	0.018544	0.047731	0.12423	0.014705	-0.17201	0.035457	0.2087	0.77004	0.037176	0.67555	0.068752	0.20749	0.065287	0.075459	-0.25784	0.3533	0.54277	0.022124	0.15551	0.33647	0.055503	0.0789	0.24862	0.094633	-0.31674	-0.14245	1.0463	-0.0077999	0.0012427	0.68061	0.232	0.15922	0.016345	0.037974	0.1613	0.12392	0.3658	0.66578	0.31046	-0.0055932	0.15891	0.049243	0.092046	0.13162	0.0040635	0.047707	0.16903	0.029616	0.52278	-0.023003	0.41545	0.59337	-0.0063016	0.039646	0.84613	-0.081419	0.030736	0.11241	0.11644	-0.0032046	0.064435	0.16029	0.020489	0.30105	0.16769	-0.0044117	0.3559	0.6387	0.049298	0.75935	-0.034359	0.07262	0.05248	0.02598	0.55903	-0.0098226	0.0091495	1.0384	-0.14104	-0.33609	0.11173	0.22086	0.12126	0.029021	0.16747	0.030011	0.36906	0.062107	0.016054	0.55946	0.36857	-0.31562	0.056643	0.085854	0.18598	0.053047	0.64755	0.055269	0.88211	-0.079023
-0.03001	-0.10287	0.00063171	-0.0046747	0.0061397	0.0040638	0.0057729	0.0012467	0.024182	0.025666	0.0040275	-0.028285	-0.025449	0.6781	-0.058863	-0.043628	-0.0034305	0.011105	0.0059313	-0.0044214	0.0020586	0.0091445	0.021833	-0.012736	-0.016165	-0.0066871	0.010201	0.011669	0.0054923	-0.005773	0.013484	0.020531	0.010143	-0.0067661	-0.094982	-0.086904	0.0069408	0.011549	0.0056606	-0.0061566	-0.0032439	0.036106	0.0042355	0.005277	0.021703	-0.0081449	0.0033624	0.0023876	0.0022405	0.0061239	0.0098683	0.01407	0.023355	0.010217	-0.0012244	0.0042534	0.0044298	0.0052361	0.0079873	-0.0048244	0.007875	-0.01586	-0.12425	0.025864	0.0083173	0.012396	0.017137	0.0025915	0.001116	0.029825	0.0010881	0.0059934	0.0057797	0.0052149	-0.0017953	0.011364	0.016174	0.013717	0.013798	0.0055135	-0.0034303	0.015778	0.02032	0.0019808	0.026573	-0.0017517	0.0036726	0.0036634	0.0012485	0.01769	0.0038188	0.0022654	0.025796	-0.00067493	-0.0081011	0.003808	0.008875	0.007883	0.0018326	0.010416	0.0022813	0.01534	0.0073335	0.00073973	0.019751	0.01267	-0.0094629	0.0019731	0.0048223	0.0082624	0.004603	0.027796	0.0088579	0.030214	-0.0010764
0.03093	-0.021721	0.0061176	-0.0036346	0.00543	0.0029381	0.017849	-0.0027751	0.05853	0.054531	-0.019415	-0.031097	0.073252	-0.058863	0.39057	-0.054932	-0.0080841	0.0097845	0.004239	-0.014826	0.0062439	0.024841	0.0708	-0.018135	0.035252	0.0036986	0.02678	0.0093181	0.0087887	-0.02489	0.038266	0.061257	0.0060786	0.0074277	-0.006915	0.0010732	0.012267	0.029024	0.010819	-0.03215	-0.015854	0.11029	0.0012453	0.0039103	0.072584	0.030029	0.01739	0.0027378	0.0054173	0.01973	0.016072	0.040331	0.073036	0.035084	0.00032723	0.01901	0.0058493	0.01042	0.017883	0.0031985	0.0078977	0.020579	-0.0084468	0.058339	-0.0021735	0.044817	0.061674	0.0021562	0.0037507	0.088178	-0.0079163	0.0049315	0.014513	0.013722	0.0006707	0.0090403	0.02315	0.0096375	0.033338	0.016087	-0.001254	0.035648	0.068617	0.0054453	0.082165	-0.0016065	0.01013	0.0077236	0.0053506	0.057824	0.0013714	0.0018197	0.11124	-0.013261	-0.035908	0.014606	0.022772	0.013711	0.0033334	0.02082	0.0072506	0.040424	0.011974	0.0018193	0.059238	0.041012	-0.031502	0.0080641	0.01226	0.021891	0.0070099	0.070292	0.0062408	0.095799	-0.0063943
0.018838	0.0074056	0.0075529	-0.0066153	-0.018587	-0.0015277	0.0097298	-0.00029716	0.018224	-0.0082687	-0.060434	-0.068284	0.018544	-0.043628	-0.054932	0.5549	-0.046289	-0.022466	0.0012046	3.2055e-05	0.0037799	0.0042731	0.0021346	-0.050623	-0.042028	-0.0084789	0.0077711	0.00676	0.0060638	-0.0097249	0.017066	0.032668	0.0072809	-0.0081363	-0.032144	0.0033934	0.010727	0.010705	0.0053241	-0.0093218	-0.0067585	0.04353	0.00093096	0.0056767	0.029783	0.022526	0.012431	-8.9487e-05	0.0041336	0.0108	0.003418	0.016023	0.028113	0.014831	0.00058683	0.0085641	0.0055955	0.0066284	0.0059302	0.0081204	0.0048303	0.010428	0.0056632	0.023196	-0.00028178	0.015003	0.023762	0.003416	0.0070892	0.03519	-0.0019251	0.0013597	-0.00072004	0.0061132	0.00094372	0.0057006	0.0052535	0.012268	0.013861	0.0015594	0.0028657	0.016959	0.028924	0.0019091	0.034153	0.0015973	0.0050184	0.0027308	0.00091834	0.021665	0.0042804	0.00015437	0.045187	-0.0050192	-0.010714	-0.00039299	0.0080684	0.0063107	0.0058579	0.0067163	0.0069452	0.023605	0.0078253	0.0020066	0.022674	0.017248	-0.0095315	0.008305	0.008905	0.013317	0.0045918	0.02879	0.0010975	0.039797	0.0047784
0.021423	0.0050106	0.0077138	0.0057152	0.00093225	-0.002362	-0.01657	-0.0082562	0.0085271	-0.019274	-0.044197	-0.025892	0.047731	-0.0034305	-0.0080841	-0.046289	0.48496	-0.027308	-0.012974	-0.010207	-0.0019682	-0.0045089	0.007016	-0.034164	0.01025	-0.0040516	-0.0029164	-0.00093362	0.0016068	-0.01924	0.016803	0.030731	6.8508e-05	0.0050327	0.0061174	0.010462	0.0063134	0.013555	0.0051599	-0.018199	-0.003144	0.051343	0.0010195	0.0043369	0.037335	0.011668	0.012017	0.0044535	0.0010982	0.007656	0.0057434	0.021246	0.037417	0.015677	-0.0026891	0.01037	0.0044778	0.0090654	0.0025441	0.0043666	-0.00044141	0.010402	0.007492	0.021614	-0.00061964	0.023846	0.031522	0.003121	0.00054252	0.046328	-0.0023939	0.0046311	0.0047268	0.010287	0.0072469	0.0021619	0.0086383	-0.0010244	0.023567	0.010728	-0.0041446	0.018578	0.031314	0.0037418	0.037775	-0.00054366	0.0067006	0.0029314	0.0038133	0.026997	0.00059821	0.0032841	0.053396	-0.0065554	-0.013897	0.0029477	0.013924	0.0078074	5.3014e-05	0.0095771	0.0012013	0.021381	0.0053346	0.0015705	0.031192	0.017424	-0.020461	0.0023584	0.006883	0.012849	0.0025607	0.030421	0.0020538	0.042598	-0.0038439
0.038178	0.0069977	0.014221	0.018024	0.017651	0.00070056	-0.040023	-0.034342	0.030105	0.012919	-0.039065	-0.0063339	0.12423	0.011105	0.0097845	-0.022466	-0.027308	0.69055	-0.037617	-0.056416	-0.024246	-0.012359	0.047136	-0.027458	0.074916	0.0030173	-0.0071234	-0.0091478	-0.0023244	-0.044369	0.039706	0.070708	0.00105	0.0095353	0.040533	0.013233	0.011985	0.032807	0.012225	-0.036428	-0.017844	0.13275	0.00047939	0.0012726	0.084713	0.030377	0.019441	0.00045834	0.007833	0.021434	0.015849	0.046893	0.085942	0.039124	0.00016702	0.019851	0.0036794	0.012401	0.022847	0.0037387	0.0075852	0.016493	0.011312	0.060902	0.0016816	0.048607	0.074102	0.0025692	0.0048758	0.10948	-0.0081673	0.0054089	0.014301	0.016446	-0.0016274	0.012945	0.016539	0.0035241	0.037759	0.028669	-1.3095e-05	0.045954	0.082123	0.0052569	0.096669	-0.0046111	0.01138	0.0062519	-0.001395	0.072127	0.0013161	0.00021645	0.13169	-0.0098028	-0.044013	0.015937	0.026845	0.018522	0.0041831	0.01951	0.0029898	0.043234	0.0098635	0.0023896	0.072657	0.045431	-0.048555	-0.0033514	-0.00043675	0.024607	0.012179	0.080602	0.010346	0.10408	-0.025888
0.0024053	-0.00093119	0.00014612	0.0077037	0.0043772	-0.0031301	-0.046008	-0.042188	-0.02708	-0.024388	0.00061264	0.0033893	0.014705	0.0059313	0.004239	0.0012046	-0.012974	-0.037617	0.4959	-0.063956	-0.0348	-0.02725	-0.018598	0.00075549	0.011945	0.003004	-0.010766	-0.013512	-0.015116	-0.020434	0.0019175	0.0049166	-0.0033427	0.0022454	0.0053604	-0.00074864	0.0017346	0.0047934	0.00086242	0.0019138	5.7917e-05	0.011658	0.0033332	-0.0012787	0.0085063	0.0069692	0.00054581	-0.00097222	0.0021614	0.0037583	0.0027923	0.0041332	0.0080822	0.007914	-0.0018685	0.0026172	0.003228	0.0039053	4.4995e-05	0.00061682	-0.0025296	0.0022777	0.0035745	0.0098051	-0.0013355	0.0093234	0.0049021	0.0032549	-0.0011261	0.012068	-0.0013636	0.0013515	0.00037692	0.0032987	0.0026748	1.9592e-05	-0.0020384	0.0024335	0.007972	0.0028524	0.00032974	0.0059835	0.0084176	0.0013329	0.011344	0.00051646	0.0025625	0.0013112	0.0026523	0.0014592	-0.00029922	-0.0015457	0.013548	0.00024673	0.0041125	0.0034517	0.0023623	0.00071738	0.0025103	0.0026626	0.0028992	0.0085617	0.0032537	-0.0023379	0.010411	0.0047263	-0.020548	-0.012026	-0.013974	0.0043565	0.0065989	0.010383	0.012083	0.0048982	-0.035238
-0.053319	-0.0051892	-0.0071313	-0.0099811	-0.011668	-0.0099371	-0.043267	-0.022548	-0.11413	-0.10184	0.0098372	-0.0043704	-0.17201	-0.0044214	-0.014826	3.2055e-05	-0.010207	-0.056416	-0.063956	0.43111	-0.057539	-0.067155	-0.14924	0.0036184	-0.11369	-0.0011734	-0.040382	-0.036113	-0.038966	-0.0078687	-0.068117	-0.092812	-0.0029972	-0.021642	-0.054255	-0.0033169	-0.010798	-0.044865	-0.018684	0.051416	0.018524	-0.18013	1.2646e-05	0.0014134	-0.11601	-0.039288	-0.024045	-0.00047483	-0.0066938	-0.026345	-0.021492	-0.06655	-0.11665	-0.054122	0.00078759	-0.021613	-0.0056228	-0.012616	-0.028	0.0024324	-0.0061323	-0.02586	-0.0091021	-0.087971	-0.003347	-0.067873	-0.10173	7.7372e-05	-0.0068088	-0.14219	0.016711	-0.0083271	-0.020398	-0.019865	0.0037189	-0.0081022	-0.024545	-0.003961	-0.053382	-0.031203	0.0054756	-0.059015	-0.10737	-0.0088286	-0.126	0.0066494	-0.013096	-0.01096	-0.0066164	-0.092534	0.0012844	-0.0017056	-0.18015	0.024521	0.067358	-0.019438	-0.04169	-0.023028	-0.001851	-0.029055	-0.004022	-0.062575	-0.0087524	-0.00036167	-0.095018	-0.063006	0.056833	-0.012432	-0.018429	-0.025785	-0.0062326	-0.10842	-0.00099246	-0.157	-0.004203
0.010285	-0.0040127	0.0032707	0.0089104	0.0034357	0.0023483	-0.016051	-0.026906	-0.0018827	0.0074108	0.0044051	0.0061776	0.035457	0.0020586	0.0062439	0.0037799	-0.0019682	-0.024246	-0.0348	-0.057539	0.39323	-0.017883	0.0050904	-0.0022656	0.024943	0.0032656	-0.0083215	-0.022234	-0.017591	-0.038637	0.0026507	0.01534	-0.0023933	0.0018227	0.011398	0.0053919	0.0040562	0.0067655	0.0017328	-0.019177	-0.007049	0.030333	0.0010263	-0.0020297	0.023405	0.0081109	0.0052222	0.0032017	0.00080283	0.0050453	0.0055162	0.015565	0.022298	0.0098984	0.0030048	0.0036258	0.0046392	0.0063244	0.00026767	-0.0042484	0.00016172	0.0062508	0.0042129	0.019056	-0.0021815	0.017741	0.021129	-0.0029763	0.00063813	0.026497	-0.00044547	0.0028599	0.0073532	0.0028645	0.0090868	-0.0008312	0.00096256	0.0023862	0.012998	0.0036912	0.0010703	0.012904	0.020336	0.0014597	0.026086	0.00099853	0.0019148	-0.0021491	-0.0027667	0.019871	-0.00086032	0.00064222	0.034079	-0.0017721	-0.014821	0.0048428	0.0069916	0.0055081	-0.0028865	0.0051553	0.0036549	0.016147	0.0047944	-0.00076135	0.019546	0.012419	-0.012694	-0.005814	-0.0022953	0.0055144	0.0036885	0.022052	0.0088607	0.021038	-0.012869
0.060861	0.0069952	0.010406	0.025497	0.028887	0.0072935	0.0014944	-0.026716	0.094566	0.099124	0.00090789	0.014471	0.2087	0.0091445	0.024841	0.0042731	-0.0045089	-0.012359	-0.02725	-0.067155	-0.017883	0.50587	0.12477	-0.011871	0.13949	0.0042825	0.0011605	-0.015842	0.0035959	-0.079016	0.063199	0.10689	-0.0051658	0.028532	0.069824	0.012848	0.01827	0.046836	0.016243	-0.073376	-0.030297	0.21384	-0.0037749	-0.00013456	0.14198	0.050579	0.032132	0.0078989	0.010394	0.029789	0.02582	0.077134	0.13827	0.066569	-0.0012138	0.037114	0.012496	0.021645	0.029991	-0.0023874	0.012522	0.037343	0.0067438	0.10544	-0.0041412	0.086926	0.12258	0.0014491	0.006073	0.17751	-0.015378	0.007775	0.021642	0.017926	0.0077473	0.01319	0.032657	0.0098806	0.059433	0.03077	-0.0013295	0.077652	0.13252	0.0085697	0.15745	-0.0091829	0.017215	0.011067	0.0045575	0.11593	-0.0014662	0.0044445	0.21695	-0.030605	-0.071582	0.026881	0.047103	0.027606	0.0074303	0.03584	0.0060916	0.075775	0.012537	0.0034226	0.11554	0.075801	-0.069278	0.0077548	0.01434	0.038132	0.0090126	0.13498	0.015341	0.1746	-0.023242
0.22301	0.029743	0.034574	0.07202	0.082676	0.031457	0.063894	-0.04841	0.3935	0.40431	0.0040849	0.040707	0.77004	0.021833	0.0708	0.0021346	0.007016	0.047136	-0.018598	-0.14924	0.0050904	0.12477	1.1733	-0.039448	0.50139	0.010566	0.073021	0.024619	0.042225	-0.21003	0.26814	0.40966	0.00046243	0.11198	0.25076	0.037737	0.060534	0.19181	0.072583	-0.25	-0.10659	0.79861	-0.0044563	-0.0051982	0.5235	0.17807	0.11697	0.014188	0.030328	0.12521	0.091984	0.28302	0.50672	0.23828	-0.0053081	0.12029	0.037424	0.066891	0.097046	0.0083771	0.031986	0.12414	0.038299	0.40279	-0.02208	0.319	0.45296	-0.008509	0.033021	0.65074	-0.062024	0.021348	0.085648	0.093317	-0.0026034	0.048755	0.12344	0.018346	0.22402	0.12534	-0.0044679	0.27241	0.48633	0.036352	0.57697	-0.027804	0.056859	0.041992	0.018123	0.42939	-0.0047812	0.0050291	0.79195	-0.10321	-0.25466	0.083974	0.16758	0.093298	0.01813	0.13309	0.023181	0.2766	0.048693	0.0096793	0.42717	0.28245	-0.2464	0.04376	0.062594	0.13957	0.03697	0.49356	0.044443	0.66581	-0.068114
0.014359	0.0046909	0.010341	0.0053058	0.005409	0.00016472	0.0039129	-0.00031989	0.011344	0.010053	-0.0016103	-0.0054075	0.037176	-0.012736	-0.018135	-0.050623	-0.034164	-0.027458	0.00075549	0.0036184	-0.0022656	-0.011871	-0.039448	0.51172	-0.033638	-0.09268	-0.045875	-0.0068312	0.0042725	-0.0041326	0.013164	0.019885	-0.011488	-0.00087112	-0.015219	0.003658	0.0033896	0.011572	0.0048531	-0.010353	-0.00087775	0.034812	0.00081297	0.0020507	0.022844	0.011325	0.0031055	0.0039415	0.0017142	0.0067272	0.0073138	0.012676	0.025001	0.012094	0.0023687	0.0052823	0.0037138	-0.0011501	0.0080719	0.0037756	0.0041717	0.013808	0.0025143	0.01596	0.00051181	0.010419	0.020289	0.0001435	6.9696e-05	0.028537	0.0018449	0.005326	0.0081351	0.0055523	-0.0074587	-0.00051288	0.011169	0.0028505	0.0093579	0.0070458	0.0027003	0.013388	0.02249	0.0032574	0.026232	-0.0045808	0.0032648	0.0037765	0.0048886	0.023147	-0.00052159	0.0018093	0.033774	-0.0049862	-0.013025	0.0044345	0.010482	0.0012118	0.0060554	0.0043878	0.0028834	0.013782	0.0032374	0.00078321	0.017768	0.013817	-0.0086899	0.0035524	0.0040978	0.0070904	-0.00069577	0.014628	-0.006462	0.029131	0.0027579
0.20458	0.029086	0.036943	0.062556	0.070162	0.031532	0.075086	-0.031372	0.35972	0.3868	0.013561	0.031286	0.67555	-0.016165	0.035252	-0.042028	0.01025	0.074916	0.011945	-0.11369	0.024943	0.13949	0.50139	-0.033638	0.92306	0.019309	0.12417	0.041041	0.051403	-0.16775	0.24156	0.3759	-0.0033308	0.039401	0.13818	0.026259	0.055206	0.17163	0.068687	-0.21952	-0.0935	0.71238	-0.0023071	0.0018992	0.46885	0.16124	0.11077	0.014517	0.026921	0.11091	0.087494	0.25116	0.45746	0.21824	-0.004358	0.11366	0.028472	0.066208	0.085972	0.0049637	0.036483	0.11601	0.03391	0.35724	-0.020329	0.28213	0.40592	-0.0041842	0.023502	0.57991	-0.053777	0.020971	0.079031	0.075982	0.013436	0.041325	0.11302	0.023514	0.20551	0.11573	-0.0066099	0.24662	0.43425	0.033788	0.52298	-0.026027	0.051172	0.035181	0.01362	0.3818	-0.0086725	0.0085241	0.71033	-0.091959	-0.22818	0.076696	0.15221	0.081201	0.019971	0.11517	0.021425	0.25381	0.045837	0.011361	0.38283	0.2528	-0.2168	0.042607	0.06067	0.12707	0.031116	0.43332	0.031484	0.59847	-0.053311
0.01877	0.0052415	0.0034971	0.009408	0.0088113	0.0043208	0.017022	-0.00019743	0.040246	0.046592	0.011645	0.011828	0.068752	-0.0066871	0.0036986	-0.0084789	-0.0040516	0.0030173	0.003004	-0.0011734	0.0032656	0.0042825	0.010566	-0.09268	0.019309	0.3083	-0.10094	-0.01269	0.0058061	-0.009747	0.018921	0.016042	0.0066369	0.078723	0.025066	-0.0080445	-0.0034253	0.012923	0.0072344	-0.013336	-0.0017068	0.069169	-0.0016726	-0.0030097	0.044571	0.0093116	0.010616	-0.00039439	0.004288	0.013521	0.011516	0.027215	0.046756	0.022926	-0.0025524	0.0092595	0.0035158	0.0092915	0.012125	0.00030084	0.005384	0.011698	-0.00082906	0.038987	0.0015625	0.027216	0.040698	0.0011149	0.0058602	0.060485	-0.0044451	0.0036224	0.0080068	0.010264	-0.0012886	0.010731	0.012421	0.0056012	0.01961	0.013275	-0.0001957	0.025902	0.045683	0.0042491	0.054286	-0.0011754	0.0076976	0.0036677	0.0029172	0.040083	-5.8191e-05	0.0014387	0.07183	-0.0073523	-0.016746	0.01026	0.015634	0.012912	0.0008864	0.012798	0.0034046	0.023584	0.0013565	0.0011086	0.036918	0.027162	-0.021459	0.0057625	0.0088707	0.011656	0.0014146	0.04423	0.0025975	0.061365	-0.0029474
0.062716	0.011096	0.0025686	0.02759	0.027802	0.0068281	0.025986	-0.0083086	0.10456	0.11091	0.01436	0.021201	0.20749	0.010201	0.02678	0.0077711	-0.0029164	-0.0071234	-0.010766	-0.040382	-0.0083215	0.0011605	0.073021	-0.045875	0.12417	-0.10094	0.58118	-0.043578	-7.7644e-05	-0.065454	0.061524	0.072975	0.0066548	0.047832	0.068319	0.010974	0.0097145	0.044828	0.016465	-0.068378	-0.030051	0.21792	0.00083291	-0.0013841	0.1397	0.04423	0.030644	0.0066594	0.0058166	0.033342	0.026025	0.077346	0.14134	0.062954	-0.0014333	0.038931	0.011681	0.018838	0.024589	0.0031189	0.013293	0.037655	0.0054937	0.10875	7.0487e-05	0.084083	0.12321	0.0065322	0.010809	0.17429	-0.016616	0.0074377	0.027806	0.024998	0.0021375	0.0095949	0.033974	0.0089942	0.063151	0.039381	0.00095632	0.072792	0.13029	0.0096373	0.15526	-0.0049097	0.016616	0.011243	0.0069104	0.11381	-0.0022755	0.0049717	0.21301	-0.021696	-0.068305	0.022458	0.04688	0.02433	0.0082953	0.033753	0.0079102	0.078508	0.011601	0.0021846	0.11878	0.076679	-0.065248	0.015767	0.018911	0.033337	0.011915	0.12918	0.012085	0.18048	-0.0122
0.018378	0.0040198	0.0033996	0.0090848	0.0045347	0.0081955	0.0063067	-0.010291	0.030394	0.023057	0.0019919	0.0072611	0.065287	0.011669	0.0093181	0.00676	-0.00093362	-0.0091478	-0.013512	-0.036113	-0.022234	-0.015842	0.024619	-0.0068312	0.041041	-0.01269	-0.043578	0.42669	-0.018774	-0.044163	0.00694	0.010207	-0.015028	-0.00098196	0.019772	0.0089472	0.0048063	0.0088848	0.00026772	-0.045425	-0.021733	0.067211	0.0008116	0.0032007	0.043344	0.018529	0.0087915	0.0026204	0.004522	0.0087394	0.0058235	0.026461	0.043607	0.020923	0.0023479	0.013278	0.0018301	0.0096792	0.010285	-0.0023976	0.0067193	0.0068464	0.0063937	0.031102	-0.002127	0.027201	0.037114	0.0053643	0.0063319	0.054682	-0.0052044	0.0032461	0.0089427	0.0089756	0.0058516	0.0047034	0.013554	0.00081098	0.020593	0.0057251	-0.0025531	0.020442	0.039441	0.001436	0.049423	-0.0016619	0.0076693	0.0056404	0.0036599	0.038088	0.0027039	-0.00075388	0.068794	-0.010791	-0.032295	0.0057941	0.013777	0.0097037	0.0070683	0.015484	-0.00098578	0.026215	0.0079261	-0.0036051	0.035525	0.025159	-0.013183	0.0055799	0.0054585	0.0079	0.0017878	0.042932	0.0044892	0.056632	-0.0007137
0.020353	0.0021278	0.0051346	0.0090636	0.0087545	0.0055148	0.0079575	-0.005177	0.031346	0.038536	-0.00050406	0.002778	0.075459	0.0054923	0.0087887	0.0060638	0.0016068	-0.0023244	-0.015116	-0.038966	-0.017591	0.0035959	0.042225	0.0042725	0.051403	0.0058061	-7.7644e-05	-0.018774	0.28476	-0.054759	0.0086737	0.032426	-0.0018493	0.0078809	0.024659	0.0054768	0.010073	0.0091454	0.0011225	-0.045898	-0.023012	0.073925	-0.0001973	0.0029059	0.050797	0.019072	0.014552	0.0015929	0.00018441	0.011606	0.0089317	0.02719	0.051627	0.023439	-0.0026124	0.013693	0.0047123	0.0075764	0.011357	0.0013522	0.0079024	0.011056	0.0056499	0.036071	-0.0060804	0.033335	0.046083	0.0014512	0.0022708	0.063057	-0.0057371	-0.0011113	0.011465	0.0083997	0.0014232	0.0057005	0.012014	0.0032203	0.018468	0.014105	-0.0015747	0.027374	0.045276	0.0047756	0.056927	-0.0035366	0.0053858	0.0050153	0.0036049	0.04121	-0.00072793	0.0026345	0.074701	-0.012582	-0.033196	0.0011261	0.017362	0.0092659	0.0022332	0.014544	0.0040816	0.026165	0.0070502	0.0012239	0.039637	0.027369	-0.012361	0.011146	0.0062156	0.011701	0.0041343	0.046661	0.0036666	0.062748	-0.00034059
-0.075867	-0.007958	-0.010834	-0.024443	-0.0247	-0.012842	-0.020541	0.012924	-0.14203	-0.15048	-0.0058872	-0.013377	-0.25784	-0.005773	-0.02489	-0.0097249	-0.01924	-0.044369	-0.020434	-0.0078687	-0.038637	-0.079016	-0.21003	-0.0041326	-0.16775	-0.009747	-0.065454	-0.044163	-0.054759	0.37127	-0.11148	-0.1425	-0.0043387	-0.042403	-0.083103	-0.010975	-0.013698	-0.06948	-0.034817	0.048755	0.0093291	-0.27589	0.0038208	0.0053528	-0.17331	-0.056209	-0.041288	0.0011951	-0.008102	-0.042074	-0.032312	-0.093757	-0.17072	-0.080088	0.0043237	-0.037611	-0.012029	-0.015401	-0.0388	0.0010275	-0.018011	-0.040431	-0.0092538	-0.13069	-0.00027508	-0.10613	-0.14831	0.0015943	-0.01047	-0.21847	0.02112	-0.011369	-0.02603	-0.029765	0.0035744	-0.015799	-0.03917	-0.0035922	-0.074359	-0.042347	0.0034678	-0.092367	-0.16544	-0.013258	-0.19376	0.0091827	-0.017725	-0.015305	-0.0055899	-0.14486	0.0022301	-0.0025116	-0.26918	0.027615	0.075628	-0.033826	-0.056254	-0.029841	-0.0083381	-0.044826	-0.0068566	-0.091441	-0.017917	-0.0018659	-0.14577	-0.097406	0.10325	0.004737	-0.013276	-0.054086	-0.016284	-0.16527	-0.017325	-0.22403	0.039274
0.10241	0.0138	0.01653	0.0299	0.038429	0.015528	0.037692	-0.017566	0.1903	0.19749	0.0060366	0.021455	0.3533	0.013484	0.038266	0.017066	0.016803	0.039706	0.0019175	-0.068117	0.0026507	0.063199	0.26814	0.013164	0.24156	0.018921	0.061524	0.00694	0.0086737	-0.11148	0.42152	0.1541	-0.0064771	0.050095	0.12054	0.017894	0.020433	0.064823	0.020173	-0.14168	-0.068222	0.35979	-0.0060493	-0.0043898	0.23908	0.081965	0.054539	0.0026073	0.012339	0.056535	0.037106	0.12995	0.23555	0.11128	-0.00077408	0.055988	0.02004	0.03448	0.048703	0.0035611	0.018797	0.057908	0.016271	0.18591	-0.0041523	0.1409	0.20907	0.0020937	0.012386	0.29955	-0.026121	0.014055	0.040614	0.041895	-0.0012939	0.024267	0.054182	0.013091	0.10371	0.061361	-0.0032925	0.12603	0.22553	0.017018	0.27035	-0.012522	0.027185	0.017619	0.011338	0.20003	-0.0042611	0.0030314	0.3644	-0.048894	-0.12585	0.034201	0.077421	0.043649	0.011033	0.061832	0.0066819	0.13013	0.02391	0.0079096	0.197	0.1252	-0.10953	0.02119	0.032427	0.067413	0.017087	0.23039	0.019345	0.30904	-0.023284
0.15814	0.018193	0.021588	0.048537	0.058748	0.024133	0.05768	-0.024937	0.27941	0.30267	0.0097766	0.031856	0.54277	0.020531	0.061257	0.032668	0.030731	0.070708	0.0049166	-0.092812	0.01534	0.10689	0.40966	0.019885	0.3759	0.016042	0.072975	0.010207	0.032426	-0.1425	0.1541	0.60013	-0.054643	0.06503	0.17864	0.022038	0.035394	0.10922	0.043733	-0.17921	-0.083852	0.55223	-0.010114	-0.0030812	0.36666	0.12203	0.083466	0.0063611	0.018476	0.087654	0.066582	0.19939	0.35988	0.17116	-0.0029825	0.083112	0.024149	0.049571	0.070868	0.0014093	0.025741	0.091205	0.022931	0.28449	-0.013099	0.2229	0.31843	0.00082234	0.023046	0.45792	-0.040436	0.020375	0.063846	0.062809	-0.00058729	0.032535	0.089973	0.012741	0.156	0.090417	-0.0019175	0.19411	0.34581	0.026784	0.40984	-0.019847	0.039557	0.026896	0.010871	0.30493	-0.0028053	0.0053675	0.5607	-0.073648	-0.17717	0.061031	0.11848	0.067943	0.014798	0.090159	0.0169	0.19949	0.035893	0.0095262	0.29603	0.19806	-0.17158	0.030648	0.046855	0.097312	0.026135	0.35152	0.030776	0.47561	-0.041913
0.01007	0.0075797	-3.8941e-05	0.0068624	0.0060534	-0.0015255	0.0043422	0.0024129	0.011343	0.0071408	0.0060916	0.0041852	0.022124	0.010143	0.0060786	0.0072809	6.8508e-05	0.00105	-0.0033427	-0.0029972	-0.0023933	-0.0051658	0.00046243	-0.011488	-0.0033308	0.0066369	0.0066548	-0.015028	-0.0018493	-0.0043387	-0.0064771	-0.054643	0.40346	-0.10437	-0.035139	-0.028708	-0.0376	-0.011723	-0.00095858	-0.0070827	-0.00083652	0.0174	-0.001849	-0.0084649	0.0080154	-0.0010003	0.0024765	-0.0029638	0.00246	0.0020139	0.0020388	0.0086782	0.01564	0.0077463	-0.00035151	0.0061023	0.001295	0.0042863	0.001281	0.0035524	0.0061808	0.0089149	0.0060901	0.012163	0.0028054	0.0097471	0.0073234	0.0033051	0.0039492	0.018033	-0.0029521	0.004748	0.006149	0.0050427	0.0016721	0.0028057	0.0037809	0.0011669	0.0087181	0.0040879	0.0027207	0.0056708	0.012074	0.0013424	0.016392	0.0014657	0.0027578	0.0050094	0.0029301	0.0088393	-2.1796e-05	0.0018795	0.020865	0.0016399	-0.0022762	0.0052353	0.0060194	0.0041232	0.0017905	0.004595	0.0026424	0.0076544	-0.00045941	-0.0035747	0.0079759	0.0092213	-0.0069127	0.0036766	0.00025077	0.0016322	-6.5187e-05	0.011383	0.0047742	0.01832	0.00051098
0.047156	0.01662	0.011471	0.020384	0.019309	0.0075247	0.011951	-0.009876	0.082041	0.085667	0.010469	0.015647	0.15551	-0.0067661	0.0074277	-0.0081363	0.0050327	0.0095353	0.0022454	-0.021642	0.0018227	0.028532	0.11198	-0.00087112	0.039401	0.078723	0.047832	-0.00098196	0.0078809	-0.042403	0.050095	0.06503	-0.10437	0.41999	-0.064349	-0.040283	-0.013378	0.033231	0.012818	-0.045888	-0.01441	0.15775	-0.0016731	-0.0029119	0.10156	0.026029	0.023344	0.0039119	0.0073202	0.026232	0.022883	0.058142	0.10217	0.048326	-0.0018252	0.024853	0.0079653	0.016808	0.026417	0.002288	0.010388	0.033907	0.009579	0.079745	-0.0013894	0.058612	0.092502	0.00053988	0.0079203	0.13086	-0.012288	0.00436	0.018528	0.019398	-0.0020925	0.014295	0.024576	0.0078938	0.04412	0.028988	-0.0036534	0.056697	0.097152	0.0084431	0.11628	-0.0064389	0.016388	0.0086698	0.0047047	0.089596	-0.001114	0.0026316	0.15927	-0.01811	-0.048712	0.019149	0.035056	0.021911	0.0047881	0.024468	0.0031044	0.053961	0.0081337	0.0010892	0.086503	0.057881	-0.048604	0.011156	0.013526	0.02513	0.0060425	0.09321	0.0057201	0.13278	-0.011874
0.10027	0.014636	0.010494	0.033909	0.038195	0.014694	0.040893	-0.011498	0.17196	0.19424	0.013711	0.01971	0.33647	-0.094982	-0.006915	-0.032144	0.0061174	0.040533	0.0053604	-0.054255	0.011398	0.069824	0.25076	-0.015219	0.13818	0.025066	0.068319	0.019772	0.024659	-0.083103	0.12054	0.17864	-0.035139	-0.064349	0.73367	-0.077932	0.0093731	0.082804	0.035326	-0.099352	-0.041808	0.3511	-0.0040562	-0.0035826	0.22578	0.057068	0.052799	0.0097366	0.014102	0.056964	0.04283	0.12598	0.2233	0.10297	-0.0016666	0.053534	0.018575	0.025918	0.04065	0.0024515	0.024504	0.059762	-0.020412	0.17895	-0.0035655	0.13986	0.19742	-0.0046533	0.014574	0.28277	-0.022094	0.013107	0.037333	0.038948	-0.0070478	0.020404	0.057984	0.017437	0.098426	0.056633	0.0026462	0.11854	0.21551	0.015993	0.2525	-0.0095648	0.024159	0.018134	0.012568	0.1889	-0.0022091	0.0032529	0.34765	-0.045449	-0.11049	0.035419	0.073641	0.043298	0.0072384	0.059963	0.015875	0.11657	0.011905	0.0081079	0.18694	0.1262	-0.10498	0.019517	0.033291	0.064389	0.01571	0.21046	0.013531	0.29029	-0.025826
0.013397	0.0070907	-0.0026852	0.011001	0.0057651	0.0038773	0.0084016	-0.0022182	0.025686	0.028787	-0.00024253	0.012941	0.055503	-0.086904	0.0010732	0.0033934	0.010462	0.013233	-0.00074864	-0.0033169	0.0053919	0.012848	0.037737	0.003658	0.026259	-0.0080445	0.010974	0.0089472	0.0054768	-0.010975	0.017894	0.022038	-0.028708	-0.040283	-0.077932	0.60521	-0.036663	0.0049452	0.0059801	-0.0076885	-0.0036288	0.054802	-0.0053739	-0.016917	0.021085	-0.086456	-0.016558	-0.00368	0.0017494	0.010091	0.012875	0.01946	0.034518	0.016301	-0.0045108	0.0098385	0.0019505	0.0025771	0.00144	0.0034373	-0.0072763	-0.052371	-0.077852	0.036992	0.0036696	0.025539	0.030233	0.005258	0.0074544	0.045323	-0.00092586	0.0023485	0.0079667	0.0052123	0.010586	0.015311	0.015552	-3.2097e-05	0.015011	0.0093357	0.0024085	0.017478	0.032676	0.0015335	0.040001	-0.0012947	0.0042077	0.0025497	-8.6448e-05	0.027572	0.00030177	0.0013813	0.056441	0.00012549	-0.0083431	0.011979	0.008915	0.0010196	0.0054679	0.0076866	-0.0077079	0.019601	0.0013061	0.0019227	0.030261	0.019499	-0.016015	0.00028686	0.0054378	0.010875	-0.000505	0.035931	0.0045496	0.047148	-0.0019866
