#Insight Transform File V1.0
#Transform 0
Transform: AffineTransform_float_3_3
Parameters: 0.999643 -0.0257014 -0.00732434 0.0256279 0.999622 -0.00996789 0.00757776 0.00977663 0.999923 -5.85326 -0.832982 2.07244
FixedParameters: 0 0 0

#Transform 1
Transform: AffineTransform_float_3_3
Parameters: 0.999643 -0.0257014 -0.00732434 0.0256279 0.999622 -0.00996789 0.00757776 0.00977663 0.999923 -5.85326 -0.832982 2.07244
FixedParameters: 0 0 0

#Transform 2
Transform: AffineTransform_float_3_3
Parameters: 0.999643 -0.0257014 -0.00732434 0.0256279 0.999622 -0.00996789 0.00757776 0.00977663 0.999923 -5.85326 -0.832982 2.07244
FixedParameters: 0 0 0

#Transform 3
Transform: AffineTransform_float_3_3
Parameters: 0.999643 -0.0257014 -0.00732434 0.0256279 0.999622 -0.00996789 0.00757776 0.00977663 0.999923 -5.85326 -0.832982 2.07244
FixedParameters: 0 0 0

#Transform 4
Transform: AffineTransform_float_3_3
Parameters: 0.999643 -0.0257014 -0.00732434 0.0256279 0.999622 -0.00996789 0.00757776 0.00977663 0.999923 -5.85326 -0.832982 2.07244
FixedParameters: 0 0 0

#Transform 5
Transform: AffineTransform_float_3_3
Parameters: 0.999613 -0.0265793 -0.00817932 0.0265192 0.999621 -0.00737049 0.00837212 0.00715073 0.999939 -6.15273 -0.471241 1.8343
FixedParameters: 0 0 0

#Transform 6
Transform: AffineTransform_float_3_3
Parameters: 0.999683 -0.0237419 -0.00836784 0.0236592 0.999672 -0.00984579 0.00859885 0.0096447 0.999916 -5.67733 -0.700317 2.48632
FixedParameters: 0 0 0

#Transform 7
Transform: AffineTransform_float_3_3
Parameters: 0.999666 -0.023811 -0.0100828 0.0237488 0.999698 -0.00624572 0.0102285 0.00600418 0.99993 -5.96147 -0.236557 1.54033
FixedParameters: 0 0 0

#Transform 8
Transform: AffineTransform_float_3_3
Parameters: 0.999683 -0.0228998 -0.0104898 0.0228474 0.999726 -0.00508964 0.0106035 0.00484836 0.999932 -5.79805 -0.134168 1.25639
FixedParameters: 0 0 0

#Transform 9
Transform: AffineTransform_float_3_3
Parameters: 0.999709 -0.0210281 -0.0118581 0.0209793 0.999771 -0.00422405 0.0119442 0.00397405 0.999921 -5.59531 -0.0593993 1.16156
FixedParameters: 0 0 0

#Transform 10
Transform: AffineTransform_float_3_3
Parameters: 0.999775 -0.0163617 -0.0135256 0.0163707 0.999866 0.000557721 0.0135146 -0.000779017 0.999908 -4.8334 0.43601 -0.136095
FixedParameters: 0 0 0

#Transform 11
Transform: AffineTransform_float_3_3
Parameters: 0.999925 -0.00291886 -0.0119042 0.00298921 0.999978 0.00589638 0.0118867 -0.00593152 0.999912 -2.07286 1.13948 -1.5987
FixedParameters: 0 0 0

#Transform 12
Transform: AffineTransform_float_3_3
Parameters: 0.99988 0.013596 -0.00745848 -0.0134876 0.999805 0.0143937 0.00765273 -0.0142913 0.999869 1.67117 2.15276 -3.20718
FixedParameters: 0 0 0

#Transform 13
Transform: AffineTransform_float_3_3
Parameters: 0.99979 0.0201155 -0.00398984 -0.0200608 0.99971 0.0133082 0.00425638 -0.0132253 0.999903 3.50248 2.1495 -1.93344
FixedParameters: 0 0 0

#Transform 14
Transform: AffineTransform_float_3_3
Parameters: 0.999713 0.0237968 -0.00282111 -0.023808 0.999709 -0.00399447 0.00272524 0.00406049 0.999988 4.55609 0.275318 2.42049
FixedParameters: 0 0 0

#Transform 15
Transform: AffineTransform_float_3_3
Parameters: 0.999834 0.0181993 0.00125347 -0.0181919 0.999819 -0.00563061 -0.00135572 0.00560687 0.999983 4.018 -0.119986 2.67901
FixedParameters: 0 0 0

#Transform 16
Transform: AffineTransform_float_3_3
Parameters: 0.999897 0.0142426 0.00151047 -0.0142218 0.999814 -0.0130009 -0.00169536 0.0129781 0.999914 3.25781 -0.766209 4.65132
FixedParameters: 0 0 0

#Transform 17
Transform: AffineTransform_float_3_3
Parameters: 0.999893 0.0145909 -0.000697733 -0.0146011 0.999732 -0.0179899 0.000435057 0.0179981 0.999838 3.05816 -1.49296 5.97853
FixedParameters: 0 0 0

#Transform 18
Transform: AffineTransform_float_3_3
Parameters: 0.999834 0.0181969 0.000225527 -0.0181949 0.999809 -0.00715338 -0.000355653 0.00714809 0.999974 4.01881 -0.398725 3.66882
FixedParameters: 0 0 0

#Transform 19
Transform: AffineTransform_float_3_3
Parameters: 0.999914 0.0128721 0.00266076 -0.0128636 0.999912 -0.00316325 -0.00270125 0.00312875 0.999991 3.09926 -0.0559016 3.01032
FixedParameters: 0 0 0

#Transform 20
Transform: AffineTransform_float_3_3
Parameters: 0.999954 0.00855542 0.00441061 -0.00853405 0.999952 -0.00484089 -0.00445181 0.00480303 0.999979 2.35772 -0.333648 3.40719
FixedParameters: 0 0 0

#Transform 21
Transform: AffineTransform_float_3_3
Parameters: 0.999979 0.00526777 0.00387818 -0.00524913 0.999975 -0.00480004 -0.00390337 0.00477958 0.999981 1.51926 -0.230536 3.12557
FixedParameters: 0 0 0

#Transform 22
Transform: AffineTransform_float_3_3
Parameters: 0.999976 0.00518392 0.00467076 -0.00513389 0.99993 -0.0106598 -0.00472569 0.0106356 0.999932 1.52146 -0.972784 4.99278
FixedParameters: 0 0 0

#Transform 23
Transform: AffineTransform_float_3_3
Parameters: 0.999899 0.0108161 0.00926323 -0.0107033 0.999869 -0.012135 -0.00939327 0.0120346 0.999883 3.31745 -1.17978 5.67204
FixedParameters: 0 0 0

#Transform 24
Transform: AffineTransform_float_3_3
Parameters: 0.999966 0.00478531 0.00671793 -0.00466448 0.999829 -0.0178872 -0.00680238 0.0178552 0.999817 1.72067 -1.73078 7.18298
FixedParameters: 0 0 0

#Transform 25
Transform: AffineTransform_float_3_3
Parameters: 0.999939 0.00660489 0.00883402 -0.00644401 0.999815 -0.0181178 -0.00895205 0.0180597 0.999797 2.40502 -1.83981 7.28966
FixedParameters: 0 0 0

#Transform 26
Transform: AffineTransform_float_3_3
Parameters: 0.999957 0.00739146 0.00559077 -0.00729683 0.999833 -0.01676 -0.00571371 0.0167184 0.999844 2.31975 -1.67874 7.22214
FixedParameters: 0 0 0
