#Insight Transform File V1.0
#Transform 0
Transform: AffineTransform_float_3_3
Parameters: 0.999996 -0.000889678 0.00275898 0.00086779 0.999968 0.00792403 -0.00276594 -0.0079216 0.999965 0.649105 1.7104 -7.05133
FixedParameters: 0 0 0

#Transform 1
Transform: AffineTransform_float_3_3
Parameters: 0.999996 -0.000889678 0.00275898 0.00086779 0.999968 0.00792403 -0.00276594 -0.0079216 0.999965 0.649105 1.7104 -7.05133
FixedParameters: 0 0 0

#Transform 2
Transform: AffineTransform_float_3_3
Parameters: 0.999996 -0.000889678 0.00275898 0.00086779 0.999968 0.00792403 -0.00276594 -0.0079216 0.999965 0.649105 1.7104 -7.05133
FixedParameters: 0 0 0

#Transform 3
Transform: AffineTransform_float_3_3
Parameters: 0.999996 -0.000889678 0.00275898 0.00086779 0.999968 0.00792403 -0.00276594 -0.0079216 0.999965 0.649105 1.7104 -7.05133
FixedParameters: 0 0 0

#Transform 4
Transform: AffineTransform_float_3_3
Parameters: 0.999996 -0.000889678 0.00275898 0.00086779 0.999968 0.00792403 -0.00276594 -0.0079216 0.999965 0.649105 1.7104 -7.05133
FixedParameters: 0 0 0

#Transform 5
Transform: AffineTransform_float_3_3
Parameters: 0.999979 -0.0059206 0.00247926 0.00589554 0.999933 0.00999672 -0.00253828 -0.0099819 0.999947 -0.45774 2.11108 -7.6296
FixedParameters: 0 0 0

#Transform 6
Transform: AffineTransform_float_3_3
Parameters: 0.999999 -0.000955453 0.000754082 0.000946927 0.999937 0.0112277 -0.000764762 -0.011227 0.999937 0.398859 2.3752 -8.50001
FixedParameters: 0 0 0

#Transform 7
Transform: AffineTransform_float_3_3
Parameters: 0.999991 0.00140755 -0.00401117 -0.00136867 0.999952 0.00967945 0.0040246 -0.00967387 0.999945 -0.15892 1.84741 -7.43268
FixedParameters: 0 0 0

#Transform 8
Transform: AffineTransform_float_3_3
Parameters: 0.999989 0.00218171 -0.00409233 -0.00212845 0.999914 0.0129726 0.00412028 -0.0129637 0.999907 -0.0871521 2.79917 -7.84739
FixedParameters: 0 0 0

#Transform 9
Transform: AffineTransform_float_3_3
Parameters: 0.999973 0.00564261 -0.00477405 -0.00558878 0.999922 0.0112158 0.00483696 -0.0111888 0.999926 0.471558 2.51546 -6.69046
FixedParameters: 0 0 0

#Transform 10
Transform: AffineTransform_float_3_3
Parameters: 0.999964 0.00599611 -0.00601095 -0.00592006 0.999903 0.0125903 0.00608586 -0.0125542 0.999903 0.184438 2.88336 -5.88003
FixedParameters: 0 0 0

#Transform 11
Transform: AffineTransform_float_3_3
Parameters: 0.999968 0.0064146 -0.00480094 -0.00635847 0.999912 0.0116157 0.00487502 -0.0115848 0.999921 0.500431 2.48582 -4.34237
FixedParameters: 0 0 0

#Transform 12
Transform: AffineTransform_float_3_3
Parameters: 0.999935 0.00692089 -0.00905554 -0.00678136 0.999859 0.0153497 0.00916049 -0.0152873 0.999841 -0.381531 3.47496 -3.76995
FixedParameters: 0 0 0

#Transform 13
Transform: AffineTransform_float_3_3
Parameters: 0.999924 0.00687766 -0.0102226 -0.00671134 0.999846 0.0162162 0.0103326 -0.0161464 0.999816 -0.731597 3.70343 -2.87199
FixedParameters: 0 0 0

#Transform 14
Transform: AffineTransform_float_3_3
Parameters: 0.999928 0.00793643 -0.00897102 -0.00781246 0.999875 0.0137706 0.00907918 -0.0136995 0.999865 -0.244165 3.09206 -1.54016
FixedParameters: 0 0 0

#Transform 15
Transform: AffineTransform_float_3_3
Parameters: 0.999929 0.00755311 -0.00917896 -0.00755542 0.999971 -0.000216739 0.00917706 0.000286075 0.999958 -0.408029 -0.0469627 1.43396
FixedParameters: 0 0 0

#Transform 16
Transform: AffineTransform_float_3_3
Parameters: 0.999958 0.00510376 -0.00759183 -0.00509461 0.999986 0.00122398 0.00759797 -0.00118525 0.99997 -0.578902 0.384139 1.47321
FixedParameters: 0 0 0

#Transform 17
Transform: AffineTransform_float_3_3
Parameters: 0.99998 0.00443696 -0.00458463 -0.00443419 0.99999 0.000612868 0.0045873 -0.000592526 0.999989 -0.0361231 0.385269 2.0732
FixedParameters: 0 0 0

#Transform 18
Transform: AffineTransform_float_3_3
Parameters: 0.999988 0.00473263 -0.00141738 -0.00473084 0.999988 0.00126758 0.00142336 -0.00126086 0.999998 0.659213 0.433054 1.97884
FixedParameters: 0 0 0

#Transform 19
Transform: AffineTransform_float_3_3
Parameters: 0.999979 0.00652035 0.00042281 -0.00652001 0.999978 -0.000809008 -0.000428076 0.000806235 1 1.39077 0.0734547 2.18593
FixedParameters: 0 0 0

#Transform 20
Transform: AffineTransform_float_3_3
Parameters: 0.999983 0.00580547 -0.000224978 -0.0058052 0.999982 0.00119601 0.000231917 -0.00119468 0.999999 1.0403 0.678501 1.51206
FixedParameters: 0 0 0

#Transform 21
Transform: AffineTransform_float_3_3
Parameters: 0.999996 -0.00208064 -0.0021708 0.00207398 0.999993 -0.00306848 0.00217717 0.00306396 0.999993 -1.08498 -0.217627 2.52846
FixedParameters: 0 0 0

#Transform 22
Transform: AffineTransform_float_3_3
Parameters: 0.999998 0.000524283 0.0018603 -0.000518156 0.999994 -0.00329264 -0.00186201 0.00329167 0.999993 0.301082 -0.293504 2.56224
FixedParameters: 0 0 0

#Transform 23
Transform: AffineTransform_float_3_3
Parameters: 0.999986 -0.00255215 0.00465153 0.00255804 0.999996 -0.00126031 -0.00464829 0.00127219 0.999988 0.292775 0.196705 2.06483
FixedParameters: 0 0 0

#Transform 24
Transform: AffineTransform_float_3_3
Parameters: 0.999985 -0.00212644 0.00502324 0.00213768 0.999995 -0.00223378 -0.00501847 0.00224448 0.999985 0.424338 -0.0480419 2.56701
FixedParameters: 0 0 0

#Transform 25
Transform: AffineTransform_float_3_3
Parameters: 0.999983 -0.00128924 0.00577631 0.00130042 0.999997 -0.00193297 -0.0057738 0.00194045 0.999981 0.841441 0.0769237 2.31848
FixedParameters: 0 0 0

#Transform 26
Transform: AffineTransform_float_3_3
Parameters: 0.999984 -0.00200157 0.0052073 0.00202824 0.999985 -0.00512146 -0.00519697 0.00513194 0.999973 0.588636 -0.480516 3.24557
FixedParameters: 0 0 0

#Transform 27
Transform: AffineTransform_float_3_3
Parameters: 0.999999 0.000286859 -0.0015377 -0.00029789 0.999974 -0.00717774 0.0015356 0.00717819 0.999973 -0.658149 -1.11177 3.95208
FixedParameters: 0 0 0

#Transform 28
Transform: AffineTransform_float_3_3
Parameters: 0.999996 -0.00242348 0.00148201 0.00243287 0.999977 -0.00636676 -0.00146654 0.00637034 0.999979 -0.765752 -0.74448 3.98699
FixedParameters: 0 0 0

#Transform 29
Transform: AffineTransform_float_3_3
Parameters: 0.999983 -0.00207623 0.00544966 0.0021088 0.99998 -0.00597783 -0.00543714 0.00598923 0.999967 0.56278 -0.716871 3.79889
FixedParameters: 0 0 0

#Transform 30
Transform: AffineTransform_float_3_3
Parameters: 0.999979 -0.0035657 0.00542723 0.00358123 0.99999 -0.00285385 -0.005417 0.00287323 0.999981 0.306081 0.197173 2.89623
FixedParameters: 0 0 0

#Transform 31
Transform: AffineTransform_float_3_3
Parameters: 0.999989 0.00467598 -0.00095789 -0.0046845 0.999948 -0.00909752 0.0009153 0.0091019 0.999958 0.649441 -1.34744 4.90254
FixedParameters: 0 0 0

#Transform 32
Transform: AffineTransform_float_3_3
Parameters: 0.999995 -0.00314459 0.00079648 0.00315567 0.999893 -0.0143021 -0.00075142 0.0143046 0.999897 -0.754364 -2.66021 6.19592
FixedParameters: 0 0 0
