0.77658	-0.10099	-0.031077	-0.0074245	0.025348	0.01037	0.0087017	0.0037637	0.0094965	-0.0084627	-0.005442	0.0056955	0.0064364	0.056457	0.065912	0.011496	-0.0049879	0.034917	-0.020952	-6.2795e-05	0.009067	0.0063697	0.019263	0.0062732	0.012678	-0.0095746	-0.0081083	0.0095424	0.02457	0.08625	0.013099	0.089699	0.01705	0.026547	0.0093912	0.0056453	-0.044885	0.033046	0.061373	0.005557	0.035679	0.0025287	0.018333	0.0047094	0.01614	0.018315	-0.040099	0.12272	0.00045022	0.00076219	0.075903	0.0080697	0.0082251	0.0012979	0.046646	0.081003	0.047454	0.0038489	0.014997	0.007906	0.011896	0.025295	0.0043338	-0.022971	-0.076085	-0.080574	-0.02422	-0.014755	0.044981	0.070608	0.0021887	0.0049297	0.086012	-0.0026888	0.015274	0.020476	-0.0019092	-0.02119	-0.085194	-0.071099	0.019379	0.0089561	0.0024146	0.050223	0.074421	0.0045488	0.077876	-0.0086056	0.0086032	0.00561	0.0020038	0.071051	0.00027382	0.0014796	0.12081	-0.019461	-0.046412	0.01487	0.026523	0.01355	0.0050034	0.024819	-0.0061914	0.045636	0.020302	0.0038078	0.063055	0.041332	-0.028858	0.0074959	0.0086889	0.018835	0.010517	0.076904	0.010305	0.10032	0.017099	0.010652	-0.010514
-0.10099	0.72633	-0.055939	-0.051044	-0.0063682	0.0136	0.0042636	0.0067799	-0.0012658	-0.001671	-0.0011058	-0.0008993	0.00083571	0.012884	0.015875	-0.0044777	-0.038685	-0.12243	-0.050551	-0.028995	-0.013565	0.008844	0.0054881	0.002543	-0.00033276	0.00038018	-0.00094884	0.0014835	0.0038718	0.017904	0.011463	0.0065182	0.0075765	0.0051176	0.0033742	0.00055212	-0.0058782	0.0068307	0.012156	0.0068373	0.0035698	-0.026876	0.0056102	0.0032205	0.0037071	0.004721	-0.0059408	0.019057	0.0013862	0.0020154	0.015345	-0.013548	0.0083369	0.00082918	0.0074053	0.013594	0.0089644	0.0035745	0.0026642	0.0017409	0.0026684	0.0098064	-0.001455	-0.0025563	-0.046406	-0.05948	-0.00018089	0.010281	0.0076723	0.012239	0.00060612	0.0038676	0.015572	-0.00012333	0.0037109	0.0027122	0.0043041	-0.0015931	-0.037238	-0.065887	-0.0024233	0.006884	0.0083288	0.0083984	0.013356	0.00092252	0.013749	-0.0022619	0.0023429	0.0011802	0.0013579	0.012555	0.001471	0.00013005	0.019532	-0.0026668	-0.0089744	0.0036986	0.0058269	0.0028855	0.0033527	0.0096549	-0.019838	-0.0032801	0.0050837	0.0062895	0.014159	0.0073723	-0.0068161	0.0028083	-3.5074e-05	0.0094243	0.0042626	0.011512	0.0095473	0.017595	0.0034371	0.0019486	-0.0012371
-0.031077	-0.055939	0.72118	-0.067468	-0.039305	-0.0068725	0.002601	0.0012792	0.00086123	-0.0013907	-0.0017961	0.0039166	0.001375	0.012865	0.017296	0.0016221	-0.031894	-0.059764	-0.020188	-0.013278	0.00054412	0.0065789	0.0074931	-0.00029583	0.0021865	-0.00063831	5.4408e-05	0.002922	0.0060799	0.017638	0.0075032	0.019017	0.0030942	0.009567	0.0027652	0.0023614	-0.0086223	0.0073192	0.014483	0.0047913	0.0059616	0.0010815	0.0040816	0.0028542	0.0045302	0.0062597	-0.009821	0.02497	0.0030657	0.0011717	0.016641	0.0063075	0.010963	0.00052483	0.010661	0.018051	0.0083292	-0.0010646	0.002895	0.0025113	0.0033321	0.0030136	0.00073913	0.0043558	0.0026183	-0.018396	0.016987	0.0037562	0.016112	0.012922	0.0025037	0.001333	0.019199	-0.00029737	0.0032076	0.0055792	0.00030602	-0.0021934	-0.027148	-0.064405	-0.036774	-0.0063255	0.0062988	0.011465	0.016231	0.0011963	0.017037	-0.0001935	0.0020009	0.00053798	0.00074813	0.015754	0.0028499	0.0016141	0.027004	-0.0026312	-0.012195	0.0060391	0.0064068	0.00352	0.0019462	0.0041594	-0.068417	-0.057308	-0.02612	0.0027543	0.015389	0.0085701	-0.0062596	0.00054241	0.005691	0.0079765	-0.011049	-0.023131	-0.0035489	0.022814	0.0011611	0.0018413	-0.0002439
-0.0074245	-0.051044	-0.067468	0.81242	-0.090221	-0.028092	0.0019476	0.008501	-0.00046131	-0.003493	-0.00044193	0.0072078	0.0027858	0.017293	0.0031608	-0.06065	-0.081768	-0.075306	-0.024398	-0.024379	-0.018879	0.0017693	0.0094898	0.0054801	0.0035905	-0.003934	-0.0031035	0.0065124	0.010937	0.039822	0.0086548	0.033756	0.0084912	0.017329	0.0021692	0.0036824	-0.017185	0.013623	0.025263	0.0038978	0.014018	0.0023463	0.0077279	0.0043305	0.0072228	0.0074271	-0.014648	0.04712	0.0015096	0.00031781	0.025663	0.018145	0.0079272	0.0016148	0.018813	0.032192	0.014098	0.0026113	0.0060667	0.0039246	0.0061241	0.0048908	0.00033394	0.0088068	0.018025	-0.020829	0.035786	0.0066606	0.015444	0.026785	-6.9477e-05	0.0032232	0.033449	-0.00030957	0.0059115	0.0081052	0.0018341	0.0058525	0.0056802	-0.041853	-0.0011987	0.01074	0.0063212	0.015199	0.02869	0.0020926	0.030996	-0.0032449	0.0049894	0.0032589	0.0020851	0.027962	0.0020903	0.0028711	0.047553	-0.0090049	-0.016896	0.0044526	0.012193	0.0073819	0.0052653	0.012352	-0.038231	-0.0425	-0.0071779	0.008049	0.028234	0.017151	-0.011048	0.0039343	0.0076757	0.0094674	-0.008476	-0.0081656	-0.011143	0.035175	0.0012495	0.0048531	-0.002154
0.025348	-0.0063682	-0.039305	-0.090221	0.77506	-0.094734	-0.011779	-0.0054007	0.010674	-0.0035707	-0.0019772	0.0082476	-0.00069592	0.0081221	-0.019511	-0.078008	-0.056373	-0.0078245	0.00443	-0.0099253	-0.021762	-0.0067794	0.0063711	0.0071347	0.0057125	-0.0031507	-0.0023948	0.0069779	0.011549	0.046527	0.0076882	0.036099	0.010207	0.015868	0.0044204	0.0040957	-0.015978	0.01545	0.027432	0.00072355	0.014453	0.015588	0.0077299	0.0028046	0.0082781	0.0080546	-0.018722	0.052203	0.0015882	0.0010775	0.031236	0.011424	0.0064995	-7.8329e-05	0.020571	0.035667	0.016334	-0.002217	0.0069206	0.0039562	0.0067357	0.0077107	0.0018909	0.0056817	0.017335	0.014381	0.025252	-9.7782e-05	0.017786	0.024641	0.0048558	0.0029687	0.038059	-0.00076385	0.0074046	0.0092864	0.0032438	0.0017514	0.010843	-0.0097604	0.013005	0.015175	0.0019301	0.018585	0.031082	0.0020991	0.034768	-0.0029829	0.0046137	0.0034597	0.0024774	0.029041	0.00043054	0.0011785	0.052086	-0.007403	-0.019175	0.0058882	0.012599	0.0082445	0.0059222	0.012562	-0.024831	-0.044513	-0.00069869	0.00708	0.032952	0.021162	-0.011921	0.0048946	0.0090698	0.0025035	-0.015817	-0.041813	-0.053975	0.018111	-0.0012078	0.00048845	-0.0021659
0.01037	0.0136	-0.0068725	-0.028092	-0.094734	0.53494	-0.029457	-0.025527	0.0071854	-0.0024459	-0.00046712	0.0018948	-0.0096179	-0.015779	-0.033715	-0.02602	-0.016415	0.02398	0.012535	0.0027967	-0.011349	-0.009726	-0.0061301	0.0036426	0.0012919	0.0015492	0.0012386	-0.0004971	0.0074211	0.019601	0.0034534	0.010014	0.0043028	0.010501	0.0036603	0.0079714	-0.010404	0.01018	0.018094	0.0062796	0.0086321	0.0093671	0.0057274	0.00031041	0.0040875	0.0045228	-0.0097905	0.029115	0.002095	-0.00016456	0.015704	0.0097035	0.004401	0.00014461	0.011609	0.019815	0.0077138	3.4835e-05	0.0030563	0.0021695	0.0036097	0.003533	0.0016455	0.0044266	0.0087109	0.0085651	0.0061582	0.0015638	0.016227	0.017612	0.0012068	0.0030785	0.022733	-3.3928e-05	0.004557	0.0052961	0.0013041	-0.0011931	0.0078036	0.008919	0.014071	0.002704	0.0030321	0.0099691	0.017965	0.0015084	0.019498	-0.0013458	0.0015543	0.0019837	0.0011688	0.014055	0.0019201	0.001306	0.027426	-0.0060379	-0.0093804	0.0043369	0.0084302	0.006762	0.0048292	0.008444	0.0028906	-0.0089134	0.0045004	0.0057309	0.021207	0.015004	-0.0037723	0.0053475	0.0059019	0.0020454	-0.0069118	-0.044393	-0.077779	-0.039537	-0.0090781	-0.0023316	-0.0012562
0.0087017	0.0042636	0.002601	0.0019476	-0.011779	-0.029457	0.28834	-0.025958	-0.0028787	-0.0040466	-0.0045669	-0.006799	-0.012731	-0.0050299	0.00064941	-0.0023835	0.0021805	0.030853	0.004612	0.0054205	0.0011322	-0.004888	-0.0055564	-0.0034176	0.00093776	-0.002857	-0.0018662	0.0041847	0.0076062	0.022791	0.0032469	0.022685	0.0048198	0.0090652	0.0038106	0.0014287	-0.012785	0.01025	0.017888	-0.0012549	0.010734	0.0063654	0.0062309	0.0016093	0.0060467	0.0066618	-0.01336	0.037473	0.0017458	0.00096261	0.021633	0.0077982	0.0053236	0.00042883	0.015099	0.02523	0.012558	-0.0010776	0.0051924	0.0029025	0.0045508	0.0064229	-0.00040054	0.004291	0.0067028	0.0022189	0.016412	-0.00094535	0.016231	0.019518	-9.9431e-05	0.0017981	0.025463	-0.00043238	0.0044991	0.0060151	0.00020989	0.0012068	0.0083031	0.0022394	0.0097793	0.0066861	0.002363	0.013075	0.022343	0.0018091	0.023873	-0.0014851	0.0032171	0.0020959	0.0013453	0.017617	0.00060822	0.0011759	0.036295	-0.0048622	-0.015551	0.0048815	0.0086171	0.0048697	0.0019483	0.00618	0.0041354	0.010725	0.0066379	0.0016577	0.017654	0.013593	-0.0083296	0.00061764	0.002203	0.0042966	-0.00058499	0.0082053	-0.020059	-0.0049864	-0.0091498	0.00155	-0.0044274
0.0037637	0.0067799	0.0012792	0.008501	-0.0054007	-0.025527	-0.025958	0.39286	-0.046612	-0.0053	-0.015547	-0.031868	-0.027736	-0.011812	0.00063401	0.0052991	0.0052908	0.019167	0.0015927	0.0049192	0.0052196	0.0010087	-0.0095865	-0.0099453	-0.0026834	-0.0056549	-0.0033259	-0.0015697	0.0055376	0.0095871	-0.00070777	0.017085	-0.00094668	0.0068584	0.0014447	0.00084023	-0.0087996	0.0047632	0.012539	0.00051274	0.0067091	0.0070301	0.0034957	0.0020602	0.0030868	0.0038164	-0.0056107	0.021434	0.00040284	0.0010489	0.011461	0.0068068	0.0050053	0.00083081	0.0087945	0.014669	0.0066729	-0.0015495	0.0027712	0.0016567	0.0022587	0.0012863	0.0034853	0.0034378	0.0030061	-0.0099983	0.0088562	0.0026857	0.009514	0.012458	0.0014985	2.1733e-05	0.014781	-3.784e-06	0.0028061	0.0033049	0.0026447	-0.0003625	0.0063138	-0.00026579	0.0061026	0.0044845	-2.1923e-05	0.00716	0.012425	0.00066416	0.013482	-0.00090598	0.0022543	0.0019476	0.001098	0.010581	0.0009095	0.0028965	0.021944	-0.0028521	-0.0099369	-0.00077683	0.0038511	0.0011436	-0.00026055	0.0038829	0.0032676	0.0053091	0.00554	0.0018346	0.010625	0.0052302	-0.016007	-0.0058031	-0.0060367	0.0019283	0.0022744	0.0027729	-0.023012	-0.0050468	-0.035256	0.0074267	-0.01196
0.0094965	-0.0012658	0.00086123	-0.00046131	0.010674	0.0071854	-0.0028787	-0.046612	0.5444	-0.024352	-0.092516	-0.082405	-0.014426	0.01148	0.016268	3.1014e-05	0.0042905	0.027147	0.005178	0.0050909	0.0018606	0.0086586	0.00065235	-0.010487	-0.0076594	-0.045591	-0.015993	0.0062086	0.012804	0.024143	0.010046	0.023579	0.0060194	0.00724	0.0026645	0.0091981	-0.033258	0.0078906	0.01691	-0.00064863	0.0027586	0.00097808	0.0047484	-0.00080646	0.0027529	0.00069175	-0.010408	0.031107	-0.00075104	-0.0018331	0.017313	0.003725	0.0016878	0.00069977	0.012315	0.020982	0.013051	-0.001049	0.0043696	0.0013637	0.0034298	0.0039564	0.00086982	-0.0015581	0.0045563	0.019987	0.013645	0.00099914	0.011874	0.018942	-0.0010348	0.0049063	0.022247	-0.00065771	0.0052247	0.003616	0.0017997	-0.001536	0.0021929	-0.004098	0.0081186	0.002628	0.0012692	0.01262	0.02012	0.00079251	0.021082	-0.0057388	0.0042114	0.0011811	0.00017504	0.016412	-0.00060689	-0.0005549	0.03074	-0.001427	-0.012807	-0.0084237	0.0052518	0.0025584	-0.0010169	0.0070042	0.0016169	0.01564	0.00080232	0.0010358	0.017782	0.011494	-0.06055	-0.0097917	-0.010103	0.0064232	0.0039541	0.023592	0.0056943	0.018325	0.0033331	-0.045271	-0.052825
-0.0084627	-0.001671	-0.0013907	-0.003493	-0.0035707	-0.0024459	-0.0040466	-0.0053	-0.024352	0.11199	-0.0051087	-0.0078836	-0.003706	-0.016779	-0.01652	-0.00072052	-0.0018984	-0.027079	-0.0026608	-0.0038377	-0.0016957	-0.0019251	-0.00438	-0.0034211	-0.004639	-0.0017034	-0.00054616	-0.0045123	-0.0064598	-0.023285	-0.0015843	-0.021884	-0.0021882	-0.0067902	-0.0022682	-0.0024059	0.0088159	-0.0089128	-0.016174	-0.00036596	-0.0065038	-0.0032613	-0.0049292	-0.0015433	-0.0048094	-0.0059535	0.011089	-0.033245	-0.0013211	-0.00022013	-0.018897	-0.006371	-0.003626	0.00025253	-0.012143	-0.021549	-0.010149	0.0011891	-0.0031346	-0.0018694	-0.0031458	-0.0039851	-0.00023269	-0.002535	-0.005169	-0.0015019	-0.014237	0.00036786	-0.011974	-0.017136	-0.00030359	-0.00095256	-0.023394	0.00096166	-0.0038206	-0.0037493	-0.00033988	-0.0012637	-0.0054661	-0.0014985	-0.0088176	-0.0052554	-0.000151	-0.010199	-0.019466	-0.00096847	-0.019512	0.0021006	-0.0026766	-0.0015822	-0.00071421	-0.01677	-3.7453e-05	-0.00058981	-0.032258	0.0053998	0.012149	-0.0054849	-0.0073755	-0.0042116	-0.0013043	-0.0050254	-0.00079799	-0.010298	-0.0019058	-0.00067046	-0.016973	-0.011479	0.0026235	-0.0052358	-0.0030808	-0.0058099	-0.0016153	-0.018005	-0.0031476	-0.026545	-0.006554	-0.0075008	-0.0030115
-0.005442	-0.0011058	-0.0017961	-0.00044193	-0.0019772	-0.00046712	-0.0045669	-0.015547	-0.092516	-0.0051087	0.34742	-0.056698	-0.011703	-0.014762	-0.011557	0.00078462	-0.00074756	-0.018993	-0.0015536	-0.002265	0.0009191	-0.0028017	-0.0053763	-0.0090856	-0.012155	-0.049424	-0.001107	-0.0026617	-0.0045152	-0.016568	0.00054997	-0.013335	-0.00075251	-0.0039899	-0.001726	-0.0050297	-0.0078886	-0.0079212	-0.011003	0.00028758	-0.0038836	-0.0023687	-0.0023267	-0.002203	-0.0046682	-0.0058171	0.0043007	-0.023421	-0.0015674	-0.001689	-0.013503	-0.0063071	-0.0044099	0.0008772	-0.0075788	-0.013862	-0.0050688	0.0025864	-0.001882	-0.0015577	-0.0013124	-0.0037698	-0.0013017	-0.0033224	-0.0020741	0.0053824	-0.012521	0.000254	-0.0090294	-0.013677	-0.0031372	0.0027497	-0.014427	0.0016172	-0.0022609	0.00025563	0.00069014	-0.0001513	-0.0027125	0.00049049	-0.0050991	-0.003651	0.00012126	-0.0054631	-0.012121	-0.00074343	-0.011213	0.0048676	-0.0055926	-0.0012123	-0.0005056	-0.011872	0.00033563	-0.0009311	-0.023514	0.0050798	0.0091152	-0.011163	-0.0058549	-0.0030792	-0.0013767	-0.0048013	0.00021305	-0.0083812	-0.0006949	0.00020012	-0.012275	-0.0066364	-0.011671	-0.0027947	-0.0014458	-0.0063309	-6.8959e-05	-0.0092432	0.0021965	-0.018579	-0.0019291	-0.0061966	-0.010268
0.0056955	-0.0008993	0.0039166	0.0072078	0.0082476	0.0018948	-0.006799	-0.031868	-0.082405	-0.0078836	-0.056698	0.47236	-0.036995	-0.0051942	0.005634	0.0011712	0.0054949	0.031906	0.0074024	0.0042226	0.0012469	-0.0030059	-0.01731	-0.025749	-0.013041	-0.043077	-0.010825	-0.0070399	0.0014205	0.027809	-0.0010409	0.025112	0.0079087	0.0091441	0.00080043	-0.005886	-0.023968	0.0059343	0.018093	0.0021151	0.0085915	0.0045735	0.0052271	-0.00031538	0.0033058	0.0034687	-0.011333	0.034344	-0.0008203	-0.0014413	0.022776	0.0047696	0.0029127	0.00010458	0.013813	0.023218	0.012247	-0.0012315	0.0050095	0.0031451	0.0043288	0.0056052	0.0021027	0.0054796	0.0035068	0.0045896	0.015795	-0.0037705	0.011681	0.019952	0.00087249	0.0013636	0.024373	-0.0001352	0.0047307	0.0038857	0.00079223	0.0025711	0.0008757	0.0035914	0.0085946	0.0070692	-0.00022448	0.013931	0.022343	0.0018112	0.022741	-0.0051945	0.0046695	0.0013298	0.00017362	0.019151	-0.00088812	0.00011768	0.034463	-0.0028477	-0.015627	-0.0011475	0.0066911	0.0035704	0.00061874	0.0049386	0.0018856	0.015748	0.0025666	0.0017992	0.020957	0.012646	-0.022572	-0.00014954	-0.0019058	0.0021034	0.003878	0.022283	0.0032396	0.023874	0.00095301	-0.0018943	-0.011188
0.0064364	0.00083571	0.001375	0.0027858	-0.00069592	-0.0096179	-0.012731	-0.027736	-0.014426	-0.003706	-0.011703	-0.036995	0.3591	-0.028493	-0.017087	-0.010938	0.00075215	0.01762	0.004178	0.002226	-0.0020699	-0.012795	-0.03267	-0.030572	-0.007004	-0.0096422	-0.0052374	-0.0028428	-0.0001823	0.0071374	-0.0038506	0.012305	-0.00019502	0.0043891	0.00010447	0.0014988	-0.0094212	0.0036735	0.010494	0.0031212	0.0039072	0.0043153	0.003673	0.0013271	0.001962	0.0038079	-0.006315	0.017498	0.00066431	0.00040535	0.0086537	0.0070587	0.0049346	0.00014082	0.0071875	0.011864	0.005337	0.0010856	0.0027605	0.0016609	0.0028553	0.0037134	0.0033541	-0.00021651	0.0014586	-0.0068397	0.0061109	0.00083024	0.0063295	0.0082542	0.0010944	-0.00026355	0.012409	-0.00047166	0.0029993	0.0024622	-0.0015738	0.0018167	0.0049149	0.00042245	0.0014631	0.00077251	0.00081611	0.0063985	0.010117	0.00074117	0.011504	-0.00032051	0.0015607	0.001007	0.0012865	0.01075	0.00054034	0.001337	0.016705	-0.0027221	-0.0070411	0.0022026	0.0038475	0.0013594	-0.00042962	0.0040704	0.00082932	0.0089759	0.001196	0.0024331	0.010184	0.0048696	-0.0064994	0.0011702	-0.00093509	0.00393	0.0013659	0.011196	-0.0013999	0.0056632	-0.0012867	6.1487e-05	-0.0044349
0.056457	0.012884	0.012865	0.017293	0.0081221	-0.015779	-0.0050299	-0.011812	0.01148	-0.016779	-0.014762	-0.0051942	-0.028493	0.48002	0.060925	-0.027489	0.0052809	0.18287	0.019968	0.023922	-0.0036316	-0.017167	-0.015459	-0.012616	0.011496	-0.017969	-0.015282	0.018142	0.041039	0.14939	0.0063436	0.1448	0.019347	0.045431	0.015981	0.012236	-0.077069	0.055264	0.10796	0.0037117	0.041627	0.031013	0.03379	0.0063423	0.029445	0.032775	-0.072335	0.21461	0.0041264	0.0011023	0.12531	0.04475	0.026453	-0.0014193	0.081286	0.14	0.068956	-0.0063771	0.023098	0.012761	0.021273	0.026826	0.0027069	0.0099074	0.034799	0.010173	0.096725	-0.00050726	0.078156	0.112	0.0035305	0.008005	0.15008	-0.0041572	0.025106	0.02572	0.00093853	0.015352	0.031712	0.011418	0.058664	0.036952	-4.7089e-05	0.068697	0.12752	0.0076774	0.13371	-0.013464	0.015285	0.010431	0.0051511	0.11093	-0.0017317	0.0021775	0.20785	-0.030589	-0.081631	0.023288	0.045541	0.025583	0.0070588	0.032758	0.013943	0.071707	0.015409	0.0029769	0.10816	0.072249	-0.05209	0.012731	0.015088	0.03157	0.010358	0.11847	0.011161	0.16226	0.023428	0.017865	-0.017571
0.065912	0.015875	0.017296	0.0031608	-0.019511	-0.033715	0.00064941	0.00063401	0.016268	-0.01652	-0.011557	0.005634	-0.017087	0.060925	0.56644	-0.074883	-0.02363	0.18829	0.022103	0.018843	-0.024186	-0.028755	-0.0089437	0.0020567	0.017383	-0.016885	-0.014588	0.022982	0.045864	0.16752	0.0042183	0.15909	0.023304	0.050758	0.017719	0.013216	-0.080566	0.059693	0.11726	0.0034025	0.049766	0.03326	0.034904	0.0083576	0.031254	0.036257	-0.076843	0.23387	0.0041997	9.5824e-06	0.13477	0.049501	0.027419	-0.00062424	0.087931	0.15153	0.072903	-0.0055672	0.025457	0.013919	0.02272	0.032173	0.003512	0.015205	0.035696	0.018079	0.102	0.0014605	0.084545	0.12227	0.003484	0.0092713	0.16335	-0.0047325	0.027344	0.026433	0.002487	0.014463	0.034393	0.013063	0.065561	0.038883	0.0010056	0.074766	0.13774	0.0087965	0.14524	-0.016001	0.0162	0.011186	0.0056712	0.11893	-0.001225	0.0018605	0.22528	-0.035211	-0.087722	0.026674	0.049479	0.028284	0.0077837	0.036064	0.015642	0.081214	0.016179	0.0038835	0.1196	0.078883	-0.057841	0.018361	0.01851	0.036931	0.012163	0.13046	0.0072136	0.17973	0.027	0.01859	-0.017036
0.011496	-0.0044777	0.0016221	-0.06065	-0.078008	-0.02602	-0.0023835	0.0052991	3.1014e-05	-0.00072052	0.00078462	0.0011712	-0.010938	-0.027489	-0.074883	0.60779	-0.093418	-0.045775	-0.010855	-0.029655	-0.079794	-0.051573	-0.013338	-5.6775e-05	0.0013522	-0.0010801	0.0021378	0.0057011	0.0028784	0.018074	-0.014826	-0.0058301	0.0029187	0.0078052	0.0041557	0.0026418	-0.0080443	0.0057685	0.0094936	0.002755	0.0018763	0.009114	0.0022008	0.002283	0.0031851	0.0033	-0.0038218	0.013671	0.0021656	0.0010623	0.010232	0.0031826	0.0035176	0.00057368	0.0069583	0.011518	0.0050241	-0.0021893	0.003237	0.0021052	0.0031853	0.006711	0.0023938	0.0038884	0.0055665	0.0066435	0.0069616	-0.00099081	0.0047565	0.0073477	0.00048014	0.0027254	0.010958	0.00011528	0.00377	0.0021731	0.00086065	0.0048553	0.0056389	0.011969	0.0073647	0.0056778	-0.0010372	0.0066652	0.010283	0.00071789	0.01135	-3.4595e-05	0.0010132	0.0011704	0.0012367	0.0075819	0.00027531	0.0010013	0.016108	-0.0021728	-0.0055879	0.00076348	0.0038582	0.00080333	-0.0011213	0.0025782	0.010717	0.0087015	0.0086273	0.0032542	0.011619	0.0045915	-0.00070797	0.0042752	0.00077679	0.011027	0.0067882	0.0055705	0.010002	0.021057	0.0032709	0.0016768	0.00086624
-0.0049879	-0.038685	-0.031894	-0.081768	-0.056373	-0.016415	0.0021805	0.0052908	0.0042905	-0.0018984	-0.00074756	0.0054949	0.00075215	0.0052809	-0.02363	-0.093418	0.67026	-0.081037	-0.028758	-0.031667	-0.054407	-0.012666	0.0014769	0.0041179	0.0029521	-0.003541	-0.0018439	0.0062995	0.0061844	0.029831	0.0035761	0.0082084	0.0049115	0.010954	0.0031412	0.002497	-0.011911	0.0096759	0.018546	0.0067478	0.0036861	-0.0059152	0.0042536	0.0027139	0.0051629	0.0057773	-0.013405	0.033311	0.0016199	0.0012507	0.0201	0.0083069	0.0045655	0.00011302	0.013086	0.022318	0.008763	0.0045423	0.0032503	0.0023095	0.0043252	0.0048414	0.0039463	0.0047322	0.0063558	-0.016714	0.021374	0.0031851	0.011918	0.019322	-0.00013686	0.0031176	0.025157	0.00031959	0.00519	0.0044047	0.003464	0.0072331	0.01019	-0.0051421	0.010145	0.0056539	0.0026507	0.011222	0.020144	0.001408	0.021711	-0.002836	0.0018901	0.0015413	0.0016333	0.016117	0.0020242	0.0015716	0.03237	-0.0028282	-0.013406	0.0039343	0.008051	0.0044266	0.0026588	0.003905	-0.0029915	0.00099707	0.0026679	0.0051613	0.018785	0.012182	-0.0073559	0.0024348	0.0026687	0.011484	0.0054262	0.0073406	0.0046071	0.033363	0.0040445	0.0033246	-0.003777
0.034917	-0.12243	-0.059764	-0.075306	-0.0078245	0.02398	0.030853	0.019167	0.027147	-0.027079	-0.018993	0.031906	0.01762	0.18287	0.18829	-0.045775	-0.081037	1.2129	-0.03978	0.0006986	-0.023364	0.021597	0.040354	0.019609	0.02966	-0.026315	-0.020783	0.032272	0.073115	0.28018	0.016348	0.25597	0.023152	0.083783	0.027407	0.018961	-0.13739	0.099288	0.19452	0.01362	0.073789	0.0050776	0.058235	0.014595	0.051579	0.058446	-0.1292	0.38788	0.0048506	0.0014385	0.22708	0.073888	0.048435	-0.0019406	0.14468	0.2501	0.121	-0.0073706	0.041191	0.021806	0.036908	0.047612	0.0037914	0.036817	0.039196	-0.023965	0.18832	0.006712	0.14911	0.20346	0.00082777	0.013682	0.2723	-0.0077085	0.045259	0.042906	0.0078406	0.028149	0.040625	-0.031307	0.10388	0.063738	0.0073482	0.12376	0.22789	0.014027	0.24045	-0.029103	0.028781	0.019185	0.008475	0.20188	-0.002498	0.0042399	0.37351	-0.058919	-0.14309	0.038789	0.081162	0.045273	0.013088	0.062895	-0.0026376	0.10115	0.028037	0.011025	0.19871	0.12914	-0.098564	0.023355	0.022461	0.066265	0.017575	0.21748	0.029034	0.31614	0.049537	0.032251	-0.02984
-0.020952	-0.050551	-0.020188	-0.024398	0.00443	0.012535	0.004612	0.0015927	0.005178	-0.0026608	-0.0015536	0.0074024	0.004178	0.019968	0.022103	-0.010855	-0.028758	-0.03978	0.74603	-0.029314	-0.035253	-0.0030784	0.007377	0.0015341	0.0022369	-0.00086319	0.00038998	0.0057009	0.0032717	0.032827	-0.016668	-0.028552	-0.027135	0.013468	0.007482	-0.003456	-0.013423	0.011153	0.016002	-0.0035159	-0.031951	-0.08769	0.0039094	0.004198	0.0066121	0.0077438	-0.012805	0.039217	0.00073703	0.002735	0.025639	-0.035426	-0.0040065	0.0018238	0.014983	0.025693	0.016983	-0.0020861	0.0048718	0.0023475	0.0049024	0.0042545	0.0045379	-0.0047171	-0.031021	-0.11798	0.03067	0.0072662	0.017342	0.020329	0.0017731	0.0016887	0.028137	-0.00051278	0.0044519	0.0048009	0.0041833	0.0058682	0.0053341	-0.016597	0.011387	0.008099	0.00273	0.01116	0.023968	0.0022243	0.025416	-0.0010285	0.0017751	0.0025248	0.0017596	0.020859	0.00063683	0.0012796	0.037656	-0.005296	-0.014882	0.0021491	0.0096921	0.0063595	0.0033476	0.011803	0.00038853	0.0066349	0.0061524	0.002938	0.020735	0.013005	-0.0085246	0.00301	0.0056593	0.006379	0.0018686	0.02211	0.0072678	0.031919	0.0043953	0.0041085	-0.0035321
-6.2795e-05	-0.028995	-0.013278	-0.024379	-0.0099253	0.0027967	0.0054205	0.0049192	0.0050909	-0.0038377	-0.002265	0.0042226	0.002226	0.023922	0.018843	-0.029655	-0.031667	0.0006986	-0.029314	0.45236	-0.026711	-0.008367	0.0037776	0.0041562	0.0041229	-0.0036473	-0.0019103	0.0057962	0.0094849	0.043724	-0.010343	0.014706	-0.0045336	0.013763	0.0072384	0.0008467	-0.017889	0.017162	0.028637	0.0019407	0.00084219	-0.018418	0.0093358	0.0039534	0.0090982	0.0096128	-0.021262	0.059661	0.0019207	0.0012786	0.035527	0.00012834	0.0070581	0.00085058	0.0229	0.039166	0.018784	0.0018241	0.0069468	0.0036721	0.0061825	0.0082629	0.0022822	0.0048046	0.0046027	-0.016698	0.029171	0.0018044	0.022427	0.033057	0.00095134	0.005423	0.042027	-0.0014909	0.0079905	0.0063987	0.0033645	0.0059697	0.0095879	-0.0031789	0.016736	0.011972	0.0022396	0.019903	0.035731	0.0025234	0.037957	-0.0036525	0.0038913	0.0029893	0.0020829	0.029731	0.00080166	0.001824	0.057616	-0.0079452	-0.023452	0.0069018	0.014066	0.0081733	0.003405	0.010401	0.0016893	0.014306	0.0053647	0.0022692	0.031044	0.020134	-0.014216	0.003523	0.0048317	0.012884	0.003319	0.029689	0.0069642	0.048944	0.0073516	0.0057562	-0.0030474
0.009067	-0.013565	0.00054412	-0.018879	-0.021762	-0.011349	0.0011322	0.0052196	0.0018606	-0.0016957	0.0009191	0.0012469	-0.0020699	-0.0036316	-0.024186	-0.079794	-0.054407	-0.023364	-0.035253	-0.026711	0.65364	-0.048866	-0.020059	-0.0020625	0.0013121	0.0010608	0.0017342	0.0053344	0.00069867	0.0033863	-0.054195	-0.05832	-0.023713	0.0041096	0.0087646	-0.00075192	-0.006793	0.011472	0.01497	0.005662	-0.0063341	-0.029088	0.0036614	0.0034277	0.0059966	0.0059883	-0.0092575	0.0305	0.0020324	0.0031497	0.017731	0.0026849	0.0042754	0.00054241	0.011881	0.020647	0.010498	0.0012915	0.0035528	0.002577	0.0046586	0.0050943	0.00057605	0.0046698	0.0080255	-0.00078492	0.016809	0.0041166	0.010978	0.014205	0.0038608	0.0016856	0.022955	-0.00018375	0.0047044	0.0042413	0.0037019	0.0036028	0.010427	0.0077189	0.0089804	0.0089274	0.00069533	0.0094031	0.01771	0.0011848	0.019698	-0.0016735	0.0029379	0.0018105	0.0018093	0.013442	0.0009092	0.00033696	0.029248	-0.0048094	-0.012988	0.0038746	0.0080094	0.0050986	0.003263	0.0075077	0.0083843	0.012752	0.0058987	0.00089395	0.018678	0.010392	-0.0054736	0.0050507	0.0025276	0.0108	-0.0017359	0.010786	0.012491	0.027177	0.0041767	0.0039762	-0.0011859
0.0063697	0.008844	0.0065789	0.0017693	-0.0067794	-0.009726	-0.004888	0.0010087	0.0086586	-0.0019251	-0.0028017	-0.0030059	-0.012795	-0.017167	-0.028755	-0.051573	-0.012666	0.021597	-0.0030784	-0.008367	-0.048866	0.40002	-0.042393	-0.012971	-0.00081357	-0.0023269	-0.0014217	0.0015993	-0.0024888	-0.018448	-0.048513	-0.01221	-0.0066847	0.0036458	0.0065769	0.0040794	-0.0065086	0.010943	0.013601	0.0012504	0.0093007	0.0021957	0.0052178	0.0029639	0.0056627	0.0054653	-0.0094855	0.026422	0.0026809	0.0022601	0.015072	0.0067055	0.0038484	-0.00010704	0.01112	0.018876	0.010613	-0.0010821	0.0035532	0.0028332	0.0038673	0.0037785	0.0020774	0.0013827	0.0066579	0.0083929	0.0090966	0.00076286	0.010615	0.013354	0.00049248	0.0016595	0.020315	0.0005122	0.0041091	0.0045419	4.0746e-05	0.0039672	0.0049802	0.0079154	0.0064471	0.0074668	0.0018694	0.0088018	0.015787	0.0010696	0.017654	-0.00089377	0.0010781	0.0017081	0.001411	0.0118	0.00018732	0.00067943	0.025613	-0.003747	-0.010246	0.0019959	0.0065917	0.0038128	0.0010227	0.0054359	0.0039776	0.0085298	0.0064962	0.0016417	0.014682	0.010027	-0.0032581	0.0040139	0.0054581	0.0036009	0.0025555	0.017865	0.0080094	0.025003	0.0051964	0.0014727	0.00029849
0.019263	0.0054881	0.0074931	0.0094898	0.0063711	-0.0061301	-0.0055564	-0.0095865	0.00065235	-0.00438	-0.0053763	-0.01731	-0.03267	-0.015459	-0.0089437	-0.013338	0.0014769	0.040354	0.007377	0.0037776	-0.020059	-0.042393	0.43924	-0.044323	-0.0037792	-0.0064222	-0.01015	-0.0091127	-0.014459	-0.0065107	-0.03691	0.015276	0.0028824	0.006345	0.0047083	0.0036579	-0.015912	0.013033	0.027458	0.00040809	0.013916	0.0092207	0.0092407	0.0031721	0.0080972	0.0093068	-0.016222	0.049385	0.0021501	0.00025898	0.028746	0.017102	0.0065016	0.00018466	0.019322	0.033789	0.015962	-0.00048267	0.0062804	0.0037151	0.0051751	0.0059349	0.00095782	0.002056	0.0080608	-0.00032961	0.019415	0.00077696	0.020949	0.03003	-0.0010751	0.0032026	0.035003	-0.0007377	0.0056112	0.0058895	0.0016364	0.0045334	0.0076999	0.0050903	0.015237	0.0068212	-0.0016884	0.017029	0.029192	0.0023587	0.031386	-0.0026276	0.0035447	0.0026752	0.0015328	0.025779	0.00062593	0.00097159	0.048253	-0.0068293	-0.020381	0.0075264	0.011102	0.0067024	0.0020553	0.0074138	0.0054656	0.017602	0.0057935	-0.00064319	0.025202	0.016737	-0.011892	0.0058982	0.0071275	0.0050293	0.0058583	0.026095	0.0086697	0.03922	0.0084956	0.0006771	-0.0024574
0.0062732	0.002543	-0.00029583	0.0054801	0.0071347	0.0036426	-0.0034176	-0.0099453	-0.010487	-0.0034211	-0.0090856	-0.025749	-0.030572	-0.012616	0.0020567	-5.6775e-05	0.0041179	0.019609	0.0015341	0.0041562	-0.0020625	-0.012971	-0.044323	0.32981	-0.013323	-0.010012	-0.01811	-0.025937	-0.013147	0.012536	-0.009326	0.015776	-0.00023145	0.0056464	-0.0035891	-0.0042874	-0.011791	0.0032751	0.012598	-0.0012077	0.0056546	0.0034781	0.0030528	0.0011374	0.0031869	0.004927	-0.0075072	0.023402	0.00088485	9.9179e-05	0.013919	0.005416	0.0043788	0.00060374	0.0092032	0.01518	0.0072113	-0.00052469	0.0025676	0.0017837	0.0017019	0.0052132	0.0010514	0.0023981	0.0045445	0.0033746	0.0094839	-0.001018	0.0093324	0.013067	0.0013559	0.0021728	0.017209	-0.001247	0.0032838	0.0037866	0.0016142	0.0019102	0.0038035	0.00091438	0.0069392	0.0019385	0.0013196	0.0071111	0.014214	0.0011215	0.015411	-0.0022033	0.0026448	0.0010926	0.0012474	0.012191	0.00077186	0.0010284	0.02274	-0.0037189	-0.0078531	0.00036306	0.0057506	0.0030169	0.00075799	0.0049571	0.0017065	0.0076611	0.00166	0.0023388	0.012801	0.0074531	-0.0069566	0.0023094	-0.001485	0.007713	0.0030268	0.013818	0.0029447	0.01304	0.0027174	0.0012973	-0.0022193
0.012678	-0.00033276	0.0021865	0.0035905	0.0057125	0.0012919	0.00093776	-0.0026834	-0.0076594	-0.004639	-0.012155	-0.013041	-0.007004	0.011496	0.017383	0.0013522	0.0029521	0.02966	0.0022369	0.0041229	0.0013121	-0.00081357	-0.0037792	-0.013323	0.20891	-0.024912	-0.01011	-0.026361	-0.00103	0.024788	0.002006	0.023024	0.0019675	0.0067459	0.002975	-0.0093619	-0.01979	0.010174	0.017477	0.0013895	0.0078901	0.005166	0.0057866	0.0010754	0.0037511	0.0039838	-0.011881	0.034382	-0.00014854	-0.00021972	0.020554	0.0058732	0.0042834	9.6578e-05	0.013161	0.023361	0.011121	0.00031799	0.0044168	0.0022169	0.0045177	0.0039871	0.001575	0.00047223	0.0072995	0.0048796	0.014083	-0.00064897	0.013398	0.018925	0.00076516	0.0026771	0.024381	-0.00045717	0.0045981	0.0048502	0.00044981	0.0023521	0.0033907	0.002816	0.0081923	0.0074026	0.0005515	0.012116	0.021083	0.0011805	0.02288	-0.0024635	0.0020054	0.0014132	0.00098706	0.016769	-0.00018371	-0.000157	0.034076	-0.003879	-0.013669	0.0025288	0.0068135	0.003703	0.0007633	0.006231	0.0039405	0.010805	0.0036915	0.00097789	0.018652	0.012494	-0.012988	0.00056663	0.0017992	0.0048788	0.00096693	0.02128	0.0016629	0.028044	0.0034378	0.00059884	-0.0054997
-0.0095746	0.00038018	-0.00063831	-0.003934	-0.0031507	0.0015492	-0.002857	-0.0056549	-0.045591	-0.0017034	-0.049424	-0.043077	-0.0096422	-0.017969	-0.016885	-0.0010801	-0.003541	-0.026315	-0.00086319	-0.0036473	0.0010608	-0.0023269	-0.0064222	-0.010012	-0.024912	0.34701	-0.031763	-0.04278	-0.0075841	-0.021791	0.00080674	-0.021237	-0.00078811	-0.010668	0.001405	-0.011798	-0.0078434	-0.0074398	-0.017195	0.0013377	-0.0056242	-0.0039945	-0.0051486	-0.0019165	-0.0055638	-0.0094029	0.0094525	-0.034148	-0.0033688	-0.0016192	-0.019476	-0.0063609	-0.0036535	0.00047255	-0.011431	-0.020177	-0.0089266	0.0015763	-0.0024632	-0.0020894	-0.0036521	-0.0026952	-0.0016277	0.00088961	-0.0054177	-0.001593	-0.01135	-0.0023992	-0.012905	-0.017798	0.00029184	0.00049314	-0.022697	0.0015247	-0.0043052	-0.0012054	-0.0023869	-0.0041958	-0.0025803	5.2568e-05	-0.010465	-0.0063883	0.0026879	-0.0083639	-0.017354	-0.00098553	-0.017573	0.0022542	-0.0033364	-0.00097912	-0.0011515	-0.016078	-0.00061826	-0.0021867	-0.033193	0.0067051	0.011623	-0.011724	-0.0076223	-0.0034025	-0.00070579	-0.0057506	-0.0043447	-0.0076121	0.00081694	-0.00069846	-0.01729	-0.0096111	-0.0030435	-0.0021665	-0.0018468	-0.0060001	-0.00048687	-0.016738	0.0014711	-0.027378	-0.0033963	-0.0045437	-0.003903
-0.0081083	-0.00094884	5.4408e-05	-0.0031035	-0.0023948	0.0012386	-0.0018662	-0.0033259	-0.015993	-0.00054616	-0.001107	-0.010825	-0.0052374	-0.015282	-0.014588	0.0021378	-0.0018439	-0.020783	0.00038998	-0.0019103	0.0017342	-0.0014217	-0.01015	-0.01811	-0.01011	-0.031763	0.27294	-0.051909	-0.0073259	-0.028115	0.00076121	-0.015684	-0.00010892	-0.0097373	-0.0069075	-0.020766	-0.031096	-0.015631	-0.015095	-0.0052294	-0.0050669	0.0014143	-0.0043744	-0.0042687	-0.005091	-0.0053405	0.0085179	-0.028161	6.8239e-05	-0.0015892	-0.016106	-0.003977	-0.004058	0.00090577	-0.0096008	-0.017027	-0.0069428	0.00093728	-0.0020014	-0.0012904	-0.0021273	-0.0040358	0.00053786	-0.00095407	-0.0036182	-0.0036193	-0.011321	0.0010719	-0.0085795	-0.01409	-0.00037723	0.00022323	-0.021076	0.0001746	-0.0028079	-0.0032829	0.00065605	-0.0035521	-0.0050395	-0.0035231	-0.0053861	-0.0041411	-0.00067628	-0.0078587	-0.015881	-0.00084264	-0.015996	0.0013082	-0.0016448	-0.00064251	-0.00063093	-0.013956	0.00013105	-0.00029287	-0.027609	0.0057977	0.0091432	-0.0067619	-0.0060216	-0.0026098	-0.00026361	-0.0027308	-0.0032895	-0.0065735	-0.0027181	-0.00079958	-0.014512	-0.008963	-0.00152	-0.0008243	-0.0031279	-0.0042905	-0.00024896	-0.014754	0.00022675	-0.022355	-0.0017533	-0.0051688	-0.0046971
0.0095424	0.0014835	0.002922	0.0065124	0.0069779	-0.0004971	0.0041847	-0.0015697	0.0062086	-0.0045123	-0.0026617	-0.0070399	-0.0028428	0.018142	0.022982	0.0057011	0.0062995	0.032272	0.0057009	0.0057962	0.0053344	0.0015993	-0.0091127	-0.025937	-0.026361	-0.04278	-0.051909	0.37723	-0.064281	0.0076854	-0.0075584	0.02995	0.0026713	0.0086473	-0.020945	-0.04399	-0.034208	0.0067173	0.017377	-0.0011153	0.0098214	0.0061407	0.0062703	0.0017258	0.0058306	0.0087243	-0.012741	0.040056	0.00011284	0.0013911	0.023786	0.0079624	0.0047567	-0.00070778	0.01538	0.026305	0.012941	0.00094694	0.0047889	0.0024791	0.0036997	0.0073927	-0.00040152	0.0037583	0.0043583	0.0048696	0.01575	0.0022264	0.013796	0.021169	0.00059252	0.00016983	0.028227	-0.00052131	0.0051786	0.0033676	0.00020887	0.0064555	0.0044897	0.0016031	0.010633	0.0081981	0.0025207	0.011202	0.023971	0.0008835	0.02519	-0.0028828	0.0038259	0.0022149	0.0011907	0.019924	-0.00016965	0.00049752	0.03937	-0.0062439	-0.015907	0.0062078	0.0089067	0.0051349	0.0015714	0.0064909	0.0035441	0.012618	0.0025458	0.00062832	0.021637	0.013863	-0.01193	0.0011873	0.0010403	0.0043384	0.0041437	0.026409	0.0018162	0.030333	0.0047124	-0.0007522	-0.0038206
0.02457	0.0038718	0.0060799	0.010937	0.011549	0.0074211	0.0076062	0.0055376	0.012804	-0.0064598	-0.0045152	0.0014205	-0.0001823	0.041039	0.045864	0.0028784	0.0061844	0.073115	0.0032717	0.0094849	0.00069867	-0.0024888	-0.014459	-0.013147	-0.00103	-0.0075841	-0.0073259	-0.064281	0.16942	0.042397	0.013695	0.060293	0.013442	0.061995	0.0061853	-0.016526	-0.029975	0.024724	0.039861	0.0039774	0.01521	0.0063663	0.014277	0.0028791	0.0098754	0.013495	-0.028802	0.087664	0.0011919	9.7799e-05	0.053232	0.016356	0.011827	2.0083e-05	0.033873	0.058446	0.027817	-0.0016239	0.0095507	0.0051929	0.0096368	0.011751	0.0012495	0.0063971	0.014671	0.0028755	0.039169	0.00032128	0.032841	0.046355	0.0017773	0.0036676	0.063741	-0.0016023	0.011073	0.011175	0.00081523	0.0049545	0.015868	0.0053138	0.0236	0.014652	0.00087598	0.028869	0.052885	0.0031565	0.055959	-0.006465	0.0067934	0.0045508	0.0019118	0.047177	-9.4231e-05	0.0012018	0.08609	-0.013719	-0.033128	0.011938	0.019825	0.010403	0.0032975	0.014827	0.0042759	0.028507	0.0055017	0.0025139	0.048477	0.029216	-0.017562	0.0030543	0.0051627	0.017428	0.004925	0.048551	0.0044675	0.067285	0.006838	0.0058502	-0.0048229
0.08625	0.017904	0.017638	0.039822	0.046527	0.019601	0.022791	0.0095871	0.024143	-0.023285	-0.016568	0.027809	0.0071374	0.14939	0.16752	0.018074	0.029831	0.28018	0.032827	0.043724	0.0033863	-0.018448	-0.0065107	0.012536	0.024788	-0.021791	-0.028115	0.0076854	0.042397	0.56648	-0.1136	0.18665	0.0043118	0.022065	0.010739	0.010328	-0.11528	0.077893	0.1695	0.0017538	0.066837	0.049528	0.04987	0.012099	0.047281	0.055115	-0.1097	0.32908	0.0086042	0.0023824	0.18969	0.073424	0.040467	-0.0011933	0.12416	0.21324	0.10265	-0.0094222	0.035783	0.01941	0.032995	0.046675	0.0038247	0.019107	0.055315	0.023804	0.14518	-0.0038513	0.12029	0.17507	0.0031462	0.01323	0.23041	-0.0065274	0.03884	0.037885	0.0016426	0.017103	0.050751	0.015457	0.085412	0.052519	0.004853	0.10479	0.19361	0.011892	0.20428	-0.023192	0.023628	0.016068	0.0076191	0.16624	-0.0010336	0.0043376	0.31717	-0.049439	-0.12257	0.034991	0.069534	0.039383	0.010372	0.053958	0.015782	0.11067	0.020869	0.0079593	0.16753	0.11119	-0.079687	0.023594	0.016664	0.048001	0.018135	0.18966	0.017297	0.24855	0.042123	0.026089	-0.024514
0.013099	0.011463	0.0075032	0.0086548	0.0076882	0.0034534	0.0032469	-0.00070777	0.010046	-0.0015843	0.00054997	-0.0010409	-0.0038506	0.0063436	0.0042183	-0.014826	0.0035761	0.016348	-0.016668	-0.010343	-0.054195	-0.048513	-0.03691	-0.009326	0.002006	0.00080674	0.00076121	-0.0075584	0.013695	-0.1136	0.58379	-0.07846	-0.054289	-0.073476	-0.00090295	-0.0069848	-0.0022919	0.0055534	0.011017	-0.0047185	-0.0057358	-0.013441	0.0022482	0.0050761	0.0071664	0.0078005	-0.0074917	0.025125	0.0027352	0.0010967	0.014608	0.0065166	0.008249	0.0014317	0.010227	0.017694	0.0068061	0.00065464	0.0043977	0.0033162	0.0047523	0.0050717	0.003771	0.008069	0.010005	0.0087195	0.0047253	0.0019306	0.010029	0.010314	0.0020898	0.0014966	0.018862	-2.2506e-05	0.0039962	0.0027645	0.00048623	0.00010074	0.0066079	0.005954	0.010294	0.0071041	-0.00025566	0.0088915	0.014651	0.0020025	0.016288	-0.0013302	0.0025113	0.0017953	0.0017256	0.013443	0.00018397	0.0002923	0.024099	-0.0063157	-0.0082739	0.0026915	0.0069012	0.0057002	0.003519	0.005148	0.0064798	0.0085207	0.00034295	0.0024651	0.011181	0.0096135	-0.0027735	0.0039827	0.0052653	0.0069272	0.0028484	0.007848	-0.0098531	0.015307	0.0031363	0.00118	-0.00088094
0.089699	0.0065182	0.019017	0.033756	0.036099	0.010014	0.022685	0.017085	0.023579	-0.021884	-0.013335	0.025112	0.012305	0.1448	0.15909	-0.0058301	0.0082084	0.25597	-0.028552	0.014706	-0.05832	-0.01221	0.015276	0.015776	0.023024	-0.021237	-0.015684	0.02995	0.060293	0.18665	-0.07846	0.87277	-0.048853	0.0046658	0.024082	0.0053141	-0.10783	0.080607	0.14054	-0.02125	0.012215	-0.0302	0.047385	0.010194	0.043353	0.048062	-0.10348	0.31489	0.0056132	0.0010502	0.18263	0.054087	0.037476	0.00010927	0.11886	0.20469	0.10133	-0.0078672	0.03391	0.018474	0.028833	0.038265	0.0038794	0.027211	0.053606	-0.0061147	0.14527	0.0030671	0.11761	0.16375	-0.00015291	0.010918	0.22197	-0.0060519	0.035362	0.03677	0.00068578	0.021451	0.052305	0.019671	0.088334	0.053367	-0.0015378	0.10098	0.18538	0.011309	0.19579	-0.022454	0.022776	0.016017	0.0075658	0.16178	-0.0019833	0.0024804	0.30369	-0.04876	-0.11574	0.031896	0.066959	0.037989	0.010803	0.049632	0.011701	0.097992	0.018677	0.0040684	0.15965	0.10527	-0.075068	0.019614	0.019549	0.05166	0.01517	0.16894	0.018068	0.24978	0.038727	0.026404	-0.022042
0.01705	0.0075765	0.0030942	0.0084912	0.010207	0.0043028	0.0048198	-0.00094668	0.0060194	-0.0021882	-0.00075251	0.0079087	-0.00019502	0.019347	0.023304	0.0029187	0.0049115	0.023152	-0.027135	-0.0045336	-0.023713	-0.0066847	0.0028824	-0.00023145	0.0019675	-0.00078811	-0.00010892	0.0026713	0.013442	0.0043118	-0.054289	-0.048853	0.5369	-0.071325	-0.010755	-0.0007182	-0.01086	0.0014154	-0.010425	-0.048078	-0.045053	-0.047397	0.0023912	-0.0048181	0.00097953	0.0048058	-0.012163	0.0365	0.00087365	-0.0012069	0.019936	-0.012449	0.0031721	0.0020937	0.014427	0.024017	0.011556	0.0066412	0.0045516	0.002533	0.0046697	0.007157	-0.00091151	0.0065457	0.0025894	-0.0041401	0.017044	0.0060444	0.012215	0.016484	0.0012946	0.0026738	0.025502	-4.3326e-05	0.0060965	0.0025207	0.0023393	0.0068018	0.0084022	0.0082676	0.0099561	0.0098213	0.0043729	0.010336	0.021616	0.0012063	0.023619	-0.0014703	0.0026546	0.0023721	0.0015056	0.01684	0.0014309	0.0020515	0.034665	-0.0039715	-0.016099	0.0067167	0.0086768	0.0055615	0.0016958	0.0055528	-0.00055114	0.011631	-0.00037741	0.0010589	0.017257	0.012563	-0.0074368	0.0027182	0.0055594	0.0054622	0.0026394	0.016918	-0.0029177	0.026776	0.0043779	0.001314	-0.00076286
0.026547	0.0051176	0.009567	0.017329	0.015868	0.010501	0.0090652	0.0068584	0.00724	-0.0067902	-0.0039899	0.0091441	0.0043891	0.045431	0.050758	0.0078052	0.010954	0.083783	0.013468	0.013763	0.0041096	0.0036458	0.006345	0.0056464	0.0067459	-0.010668	-0.0097373	0.0086473	0.061995	0.022065	-0.073476	0.0046658	-0.071325	0.40727	-0.064164	0.013365	-0.037509	0.0036534	-0.0054811	-0.033564	-0.00085439	0.014583	0.011845	-0.0012247	0.014337	0.020011	-0.031889	0.098141	0.0050443	0.0015738	0.050038	0.023337	0.016419	0.0010457	0.035911	0.063651	0.027976	0.0016579	0.010919	0.0076738	0.01012	0.010315	0.0023355	0.0068951	0.018763	0.0081208	0.039432	-0.00029345	0.033732	0.051142	0.0035174	0.0062509	0.064286	-5.6884e-05	0.011072	0.011127	0.0030234	0.005063	0.016942	0.0056198	0.023554	0.011773	0.0065554	0.028244	0.0561	0.0043158	0.059037	-0.0048098	0.0065858	0.0052276	0.0024187	0.048643	0.00052291	0.00056251	0.092231	-0.014018	-0.036944	0.011526	0.021121	0.014241	0.0063367	0.015701	0.0057806	0.03322	0.0082955	-0.00081606	0.040846	0.03626	-0.024609	0.0031144	0.0084547	0.0062362	0.0059284	0.0527	0.0054039	0.069302	0.013052	0.0048944	-0.006477
