0.35065	-0.030332	-0.013114	-0.0040864	0.0055407	0.0093721	0.0084727	0.0020881	-0.00011177	0.014579	0.017963	0.0039443	-0.00087599	0.0066438	-0.020823	-0.0020223	0.0062851	0.0062176	0.0072471	0.0041248	0.0013854	-0.0074136	-8.9988e-05	0.0054783	0.0050595	0.027503	0.0060119	0.024602	0.0075044	0.011435	0.0063354	0.00098741	-0.016028	0.0082317	0.017266	0.0026778	0.0067284	0.014592	0.0029289	0.0068793	0.005097	0.0085986	0.0072827	0.0071672	0.0046206	0.0051595	0.0065997	0.0061606	0.012936	0.0055506	0.013932	0.021899	0.014587	0.0054518	0.0042405	0.0025128	0.0048142	0.0072614	0.0049443	-0.015868	-0.036083	-0.028254	-0.025176	-0.0061102	0.016652	0.014504	0.0028315	0.0061096	0.02396	-6.2376e-05	-0.00045949	0.0071273	0.0089833	0.0062173	-0.019674	-0.030971	-0.031395	0.00049008	-0.00020326	0.0029557	0.01467	0.019873	0.0038339	0.024382	0.0025092	0.0039128	0.019724	0.0019169	0.0026137	0.031983	-0.0048114	-0.013625	0.0022597	0.01025	0.0064993	0.0056346	0.0038131	-0.0024682	0.0097032	0.0053365	0.0021146	0.014551	0.012402	-0.016098	-0.0031873	0.0027598	0.021765	0.011525	0.025034	0.016238	0.017022
-0.030332	0.40166	-0.030823	-0.027829	-0.001186	0.0068773	0.0005588	-0.00098585	-0.00016775	0.0026497	0.0094929	-1.3707e-05	-0.018046	-0.048733	-0.029582	-0.018005	-0.001577	0.0077201	0.0022009	-0.0033351	0.0001813	0.00020372	-0.0012203	0.0012272	-6.4005e-05	0.010565	0.0058804	0.0017532	0.00085208	0.0080778	0.005575	-0.0011133	-0.0049767	-0.00086691	0.0053538	0.0032144	0.002767	-0.0078528	-0.0050023	-0.0021937	0.00035177	0.0039513	0.0012524	0.00055012	-0.0024269	-0.0010101	0.0058579	0.0042877	0.0044939	0.003842	0.0039599	0.0026402	0.0050086	0.0045229	0.00053833	-0.0019291	0.0021426	0.0048251	0.0043499	-0.0054685	-0.028097	-0.035696	-0.0065522	-0.0016842	0.0063484	0.001475	0.00041846	0.0022262	0.0040268	0.0010198	0.00074943	0.00067269	0.0016112	0.0080835	-0.0021321	-0.025137	-0.036129	-0.0089841	-0.0042653	0.0032379	0.0066921	0.0047316	0.001289	0.01024	0.0027914	0.0030425	0.0028707	0.0034281	0.0010695	0.0058261	-0.0022059	-0.0029646	0.0014915	0.0024737	-0.00084657	0.0020595	-0.00094588	-0.010769	-0.0015858	0.0023524	0.0034001	0.0072709	0.00065587	-0.00053785	0.0031341	0.0051628	0.0059143	0.0028721	0.0057869	0.0080351	0.0036797
-0.013114	-0.030823	0.48206	-0.040874	-0.010786	0.0029672	0.006183	-3.1354e-05	-0.00081996	0.0031456	0.0042422	-0.0078882	-0.017957	-0.039212	-0.021873	-0.011809	-0.00060454	0.0052451	0.0018746	0.0055583	-0.00077811	-0.0013615	0.00071779	-0.0010451	0.0036787	0.0095524	0.0097892	0.0087271	0.0035102	0.0034831	0.0044356	-6.9878e-05	-0.0053613	0.0027198	0.0051608	0.0099896	0.0023053	-0.0025604	-0.0001221	0.0050594	0.0037105	-0.0050836	0.0067701	0.0053654	0.00063846	0.0030603	0.00066188	0.0016405	0.0028804	0.0036439	0.0025936	0.0074503	0.0043811	0.0072176	0.00339	0.0032788	0.00050006	0.0038752	0.0012117	-0.00039263	-0.0077078	-0.01045	0.0023066	0.00098194	0.0095504	0.0069735	0.0026229	0.0017441	0.0054151	0.0014246	0.0019111	0.001387	0.0070802	-0.00063486	-0.0076799	-0.021864	-0.037206	-0.02334	-0.0044252	-2.6739e-05	0.0030129	0.0072709	0.0012584	0.0045948	0.0029964	0.0017297	0.010711	0.0042955	0.0049769	0.0042368	0.0011294	-0.0002311	0.00041733	0.0073707	0.0030562	-0.0048689	-0.0027652	-0.039766	-0.028023	-0.020995	0.0017143	0.0030337	0.0051889	-0.004941	0.0035302	0.0072108	0.002851	-0.021143	-0.016245	0.0024154	0.0060353
-0.0040864	-0.027829	-0.040874	0.52052	-0.025413	-0.020023	0.0037877	0.0045235	0.0025812	0.0063958	-0.0091059	-0.051849	-0.050361	-0.055633	-0.017143	-0.027164	-0.015973	0.0094931	0.010827	0.0020306	0.00044816	-0.0030655	-0.0049352	-0.0011949	0.011282	0.012217	0.010052	0.0046647	0.0059382	0.0082805	0.0041185	0.0002285	-0.0050681	0.0054201	0.0064032	0.0080404	0.010204	-0.0051313	-0.0016718	0.0021329	0.0026852	0.0048882	0.0062814	0.0018908	0.0078953	0.0070746	0.005246	0.0012069	0.010398	-0.00075153	0.004803	0.0099965	0.0087304	0.0069795	0.0055605	0.0027511	0.0032645	0.00016766	-0.00028222	0.0037665	-0.0019586	-0.011132	0.016097	0.0017186	0.0039048	0.012134	0.0014621	-0.00078178	0.010741	0.0021968	0.0035294	0.0030219	0.00079857	0.0066805	-0.0024447	-0.0063991	-0.023746	-0.0011823	0.0046925	0.0048501	0.00011032	0.010628	0.0024781	0.010361	0.0023016	0.0019657	0.0078959	0.0044707	0.0022894	0.010257	0.00053528	-0.0079331	-0.0029966	0.0036222	0.0053437	0.0020982	0.0057317	-0.021795	-0.023465	0.0004069	0.0034948	0.011667	0.0099767	-0.0079866	0.0015604	0.0048701	0.0070794	-0.011458	-0.021815	0.0026585	0.014573
0.0055407	-0.001186	-0.010786	-0.025413	0.34614	-0.049542	-0.0096694	0.00031101	-5.5131e-05	0.0014082	-0.019314	-0.040807	-0.019243	-0.0050231	-0.001624	-0.0062662	-0.0028625	-0.0014764	0.0076468	0.0075244	7.8261e-05	-0.0044001	-0.001982	-0.0012582	0.0072553	0.017905	0.00066107	0.015516	0.0044918	0.0068886	0.0031662	0.00017066	-0.0042505	0.0052336	0.0058221	0.0051902	0.0040282	0.0058668	0.0033997	0.0056947	0.0054191	0.007007	0.0091324	0.001833	0.0084092	0.0098207	-0.00060894	0.0030584	0.0063738	0.0014515	0.0073048	0.012251	0.0050641	0.0047281	0.0027256	0.0030072	0.0026783	0.0042587	0.0029625	0.0035209	0.0078825	0.00039161	0.0056595	0.0025509	0.0073606	0.010094	-0.00093464	0.0011931	0.01335	0.0045714	0.0035716	0.003313	0.003078	-0.00073831	0.0067606	0.0047701	-0.0040676	0.0060757	0.0033892	0.0038546	0.0092939	0.010324	0.0034771	0.009866	0.0021706	2.0589e-05	0.0088991	0.00057162	0.0019191	0.015753	-0.0010636	-0.0047842	0.001015	0.0079571	0.00064108	0.0067839	0.0010088	-0.006957	-0.015111	-0.00029152	-0.0010398	0.009964	0.0096268	-0.0060256	-0.0012722	0.0058211	0.0050434	-0.012993	-0.021764	-0.016309	0.013351
0.0093721	0.0068773	0.0029672	-0.020023	-0.049542	0.47134	-0.075455	-0.0085799	-0.0059557	-0.032632	-0.063872	-0.048792	-0.013073	0.0085774	0.0029602	0.00012675	-0.00047145	-0.010952	0.0052364	0.0066967	0.001828	-0.0028302	0.00095292	0.0035015	0.0026953	0.017077	0.0025939	0.016922	0.0047795	0.0075392	0.0027992	0.0012616	-0.003813	0.0088503	0.0086776	0.0035537	0.0019724	0.019108	0.0033228	0.0017808	0.0021182	0.0044572	0.0071118	0.0035825	0.0089139	0.0055818	0.0021649	0.001542	0.0056253	0.0007659	0.006264	0.011977	0.008762	0.00071673	0.0052411	0.0024153	0.0028156	0.0041731	-0.0045588	0.0081919	0.0043823	0.0079161	0.0042548	0.0037153	0.0027676	0.0085831	0.0010331	0.0040312	0.01179	0.0017013	0.0032176	0.0037334	0.0029704	0.0097345	0.00014292	0.0072148	0.0046739	0.0125	0.0034871	-0.001561	0.0056103	0.010345	0.0037751	0.010313	0.002276	0.0054437	0.0067401	0.0015346	0.0014176	0.011315	-0.0013339	2.4817e-05	0.00081299	0.0028902	0.0075434	0.0020717	0.0089437	0.0011723	-0.010059	0.0076351	0.0073239	0.0094543	0.0081306	-0.0041522	-0.00152	0.0044305	0.0059022	-0.0035803	-0.057222	-0.0752	0.011598
0.0084727	0.0005588	0.006183	0.0037877	-0.0096694	-0.075455	0.57192	-0.091857	-0.049662	-0.090817	-0.040412	0.0047348	0.0067769	0.027654	0.00054523	0.010468	0.019434	0.013085	-0.019997	-0.015735	-0.0023228	-0.0039396	-0.0040969	0.0043508	0.010094	0.022106	0.014861	0.023041	0.0066621	0.009608	0.0066976	0.0068093	-0.009926	0.0079235	0.017	-0.0018508	0.009688	0.010681	0.0022496	0.0083975	0.0031902	0.010338	0.0067702	0.0044363	0.010906	0.0044533	0.0028998	0.0036175	0.0027423	0.012249	0.010442	0.019086	0.011438	0.0056047	0.0049505	0.0048374	0.0064803	0.0055556	0.0052213	-0.0017474	0.0023996	0.0021912	0.017313	-0.00062765	0.013207	0.015264	0.0016795	0.0017914	0.021442	0.001354	-0.00072308	0.0063494	0.0082535	0.0048427	0.0043664	0.007456	0.00030959	0.0081126	0.0075901	0.0059482	0.013261	0.019281	0.0021689	0.01971	0.003833	0.00042234	0.018317	0.0019718	0.0031517	0.025067	0.0016893	-0.010514	0.0060011	0.0067834	0.0033039	0.0073163	0.005219	0.010864	0.0086085	0.0026208	-0.0013352	0.018277	0.010656	-0.0099514	0.0030434	0.00017757	-0.0075443	0.00082858	-0.0036544	-0.046692	-0.048118
0.0020881	-0.00098585	-3.1354e-05	0.0045235	0.00031101	-0.0085799	-0.091857	0.47277	-0.04603	-0.050235	-0.0082212	0.0059731	0.0021427	0.003964	0.00081537	0.0031964	0.011072	0.0094997	-0.012998	-0.023485	-0.0045784	-0.029733	-0.0095312	-0.017109	-0.0048619	0.0099846	0.012997	0.00655	0.0030184	0.0066802	0.0082605	-0.0080763	-0.006477	0.00056952	0.0034343	0.0012943	-0.0006167	0.0065447	-0.0011956	0.0011029	0.0015427	0.0018013	0.0024625	0.0036569	-0.0010729	-3.6095e-05	0.0019833	0.00043732	0.0048242	0.00016507	0.0014524	0.0035378	-0.0044589	0.0021451	-0.0004663	0.00010563	0.00039144	0.0071241	0.00095219	0.0039345	-0.00018986	0.0039171	0.0021686	0.0033633	0.0019519	0.0027724	0.0033706	0.0021418	0.0037976	0.00017491	0.0023865	-0.00046262	0.0030157	0.0018889	0.0023444	-0.00050366	0.0019869	0.0024902	-0.00026251	0.0030823	0.0018985	0.0047493	0.0024517	0.0061032	0.0010009	0.002068	0.0042612	-0.00049941	0.0013739	0.004905	-0.0028298	-0.0067965	-0.00058831	0.005279	0.0036769	-0.0003848	0.0018061	0.00013305	0.0020042	0.0012246	0.00039108	0.0029427	0.00085547	-0.034696	-0.020043	-0.017949	-0.0039495	0.003757	0.0083131	-0.0073493	-0.070635
-0.00011177	-0.00016775	-0.00081996	0.0025812	-5.5131e-05	-0.0059557	-0.049662	-0.04603	0.36871	-0.07368	-0.037439	0.0026181	0.0018865	-0.0012052	0.0016612	0.0011204	0.011093	0.0037363	-0.030853	-0.032057	-0.0087178	-0.017303	-0.011981	-0.014403	-0.016868	0.0015333	0.00753	0.0056346	0.0040795	-0.0023333	0.00070577	-0.0081395	-0.0056067	0.0006866	1.5636e-05	-0.0012605	0.00045474	-0.0037228	0.0030098	0.0013232	-0.00042057	0.0032634	0.001533	-0.0024328	-0.0028278	-0.00075645	0.0017184	0.00037131	0.0019902	-0.0031998	0.00094427	-0.0014516	-0.0027858	8.8299e-05	-1.644e-05	-0.002633	0.00053135	-1.1565e-05	0.0032508	0.0043405	-0.0020285	-0.0059608	0.003136	0.0027996	-0.0037658	0.00096663	0.0036957	-0.00059147	0.0014855	0.00033694	0.0024899	0.0036939	0.0012868	0.00079465	-0.0012747	-0.0029808	0.00061903	0.00083235	0.00022072	0.0017977	0.00023149	0.0017032	-0.00078808	-0.0032333	0.00054081	-0.0028816	0.0033251	0.001506	0.0016081	0.00087469	0.0014352	0.0041409	-0.00082552	0.002038	-0.0011435	-0.0019135	0.00060206	-0.0036659	0.0003693	0.0013185	0.002151	-0.0036073	-0.0057586	-0.015855	-0.0075684	0.0020488	0.0036553	-0.00057644	0.0061394	0.015012	-0.00096096
0.014579	0.0026497	0.0031456	0.0063958	0.0014082	-0.032632	-0.090817	-0.050235	-0.07368	0.53528	-0.091606	-0.018863	0.0048861	0.044907	0.0073881	0.0045347	0.0077436	-0.013682	-0.052197	-0.034075	-0.0048228	-0.01594	-0.0067864	-0.0036382	0.002661	0.045444	0.020368	0.041362	0.0056205	0.011866	0.0031237	0.0016593	-0.01589	0.011952	0.023888	0.0035169	0.00014852	0.01707	0.0037011	0.0076879	0.010788	0.020888	0.0163	0.0094791	0.015013	0.0093433	0.0032339	0.0081747	0.020858	0.0032494	0.014073	0.028359	0.016203	0.0022055	0.0066441	0.0085639	0.0084832	0.010692	0.004979	0.0054155	0.004913	0.0010776	0.02701	-0.0016657	0.022568	0.027632	0.00041888	0.0065887	0.038445	-0.0029685	0.0061657	0.010637	0.0099645	0.0049853	0.0036541	0.010764	0.0022835	0.011005	0.009805	0.0021594	0.017928	0.029693	0.0028583	0.02497	0.0035662	0.004633	0.027461	0.0018112	0.0024817	0.047931	-0.0052374	-0.011783	0.012055	0.0083257	0.0018747	0.0027334	0.0081345	0.00028071	0.019207	0.00198	0.0058391	0.018977	0.011307	-0.014956	-0.0053156	0.010498	0.036156	0.0043969	0.034763	0.047678	0.03216
0.017963	0.0094929	0.0042422	-0.0091059	-0.019314	-0.063872	-0.040412	-0.0082212	-0.037439	-0.091606	0.5808	-0.10461	-0.02735	0.037572	0.0027871	-0.006362	-0.048616	-0.057064	-0.032849	-0.011822	-0.00092246	-0.0096635	-0.00047773	0.0031917	0.015343	0.054656	0.013068	0.028307	0.011873	0.01863	0.0037492	0.0022136	-0.01912	0.014782	0.023934	0.00094416	0.010425	0.023305	0.013234	0.0077671	0.0078918	0.018976	0.013964	0.012405	0.021337	0.016382	0.0080876	0.0037147	0.012074	0.0048929	0.021425	0.034907	0.015393	0.0028392	0.0091928	0.0074126	0.0069765	0.0033153	0.0081675	0.004875	0.011562	0.008763	0.022597	0.002119	0.018999	0.023333	0.0034761	0.010546	0.039221	-0.0031185	0.0046398	0.0065064	0.0060732	-1.4126e-05	0.0064588	0.011997	0.0090275	0.012426	0.0079745	0.0027436	0.019607	0.032686	0.0050463	0.030418	0.0032173	0.0019244	0.027705	0.0043044	0.0023348	0.04751	-0.0063093	-0.011973	0.0079662	0.0066769	0.0061194	-0.00067194	0.0097301	0.0087229	0.021332	0.0044443	-0.0010291	0.023217	0.019158	-0.016983	-0.0098288	0.011905	0.040362	0.015489	0.030373	0.042297	0.039877
0.0039443	-1.3707e-05	-0.0078882	-0.051849	-0.040807	-0.048792	0.0047348	0.0059731	0.0026181	-0.018863	-0.10461	0.42362	-0.082635	-0.033254	0.0059728	-0.036786	-0.059483	-0.034578	0.0068235	0.00082833	-0.0014395	-0.00045033	-0.0025566	-0.00054332	0.011945	0.024058	0.0079919	-0.0063377	0.0032989	0.010601	0.0055134	-0.0027508	-0.0022206	-0.00052749	0.0012574	0.0037857	0.0068342	-0.0004317	0.0046909	0.0044464	0.0016736	-0.0041889	0.00046956	0.0040144	0.007007	0.0079131	0.0029806	0.001378	-0.0013923	0.0030175	0.0007812	0.0030549	-0.0028796	0.0021965	0.0038626	-0.00060373	-0.00028934	0.00090239	-0.0034466	0.005239	0.0094774	0.012776	0.003137	-0.00042759	0.0016645	0.0075609	-0.00081087	-0.00095488	0.0061289	0.0045293	0.0031208	0.00043946	-0.002357	-0.0012115	0.0011446	0.0085593	0.0032943	0.0082134	0.0045915	-0.00045506	0.001455	0.00097391	0.00082226	0.0025046	-0.00049005	0.0025385	-0.00063415	-0.00077742	0.0016774	-0.00025408	-0.0011515	-0.003801	-0.0037153	0.002517	0.00011086	0.0060709	0.00046045	0.0085486	-0.0026578	0.0062684	0.0047076	0.0046795	0.00014898	-0.0051585	-0.0048095	0.0051265	0.016402	0.0048071	-0.010817	0.015212	0.013894
-0.00087599	-0.018046	-0.017957	-0.050361	-0.019243	-0.013073	0.0067769	0.0021427	0.0018865	0.0048861	-0.02735	-0.082635	0.45468	-0.046442	-0.01461	-0.035823	-0.042661	-0.012004	0.0033496	0.0039485	0.0015978	-0.0021283	-0.0056332	0.00469	0.0093738	0.019703	-0.00053089	-0.0073121	-0.0010087	0.0080003	0.0061516	-0.00061485	-0.0082185	0.0011501	0.011931	0.0067681	0.0031699	-0.01575	-0.002612	0.0042609	0.0013005	-0.0010147	-0.0010126	0.0067663	0.005824	0.010113	8.6003e-06	0.004385	0.0086712	0.0056927	0.0019353	0.0052758	0.000103	0.003037	0.00059785	7.3221e-06	0.0063104	0.002593	0.0064875	0.00098352	0.0070436	-0.010066	0.011165	0.0031556	0.0014372	0.003342	0.00050168	0.0023093	0.0097464	0.002258	0.00038935	0.0029244	-0.00074329	-0.00045282	0.009087	-0.00063475	-0.0069795	0.0061298	0.0024269	0.0025783	0.0062102	0.0058393	0.0032583	0.0096856	0.0019052	0.00030901	0.0054141	0.0031054	3.3345e-05	0.0118	-0.0038832	-0.0080618	-0.0013608	0.00024516	0.0058274	0.0008719	0.0089606	-0.00045809	-0.0061833	0.0033258	0.0049771	0.0072886	0.0023809	-0.00496	0.0023764	0.007339	0.013229	0.0015269	-0.0028587	0.0087221	0.010296
0.0066438	-0.048733	-0.039212	-0.055633	-0.0050231	0.0085774	0.027654	0.003964	-0.0012052	0.044907	0.037572	-0.033254	-0.046442	0.64467	-0.044404	-0.027303	-0.014115	0.01501	0.020038	0.006171	0.002111	-0.023472	-0.0090567	0.013657	0.030325	0.084848	0.014506	0.053195	0.0097443	0.024371	0.0079042	0.0050288	-0.037915	0.022519	0.050806	0.010033	0.016626	0.0049223	0.001018	0.016851	0.015218	0.030092	0.029637	0.018206	0.033117	0.02597	0.012287	0.010936	0.032712	0.010928	0.033133	0.063547	0.03724	0.0070345	0.009196	0.0091184	0.0098447	0.014029	0.0076524	0.01309	0.0023788	-0.023677	0.04892	0.00016357	0.040024	0.053394	0.0018131	0.010905	0.070609	-0.0036059	0.0043568	0.01372	0.013391	0.0089854	0.0065634	0.0087368	-0.028455	0.020459	0.020838	0.0031935	0.034985	0.063134	0.0078922	0.067984	0.0066958	0.0073988	0.05442	0.0030045	0.0041332	0.094266	-0.016208	-0.041136	0.0085137	0.020371	0.014125	0.0066906	0.015418	-0.013071	0.015231	0.012959	0.0046359	0.048457	0.031467	-0.039822	-0.0034252	0.021088	0.055593	0.013994	0.051748	0.052871	0.043316
-0.020823	-0.029582	-0.021873	-0.017143	-0.001624	0.0029602	0.00054523	0.00081537	0.0016612	0.0073881	0.0027871	0.0059728	-0.01461	-0.044404	0.58141	-0.028567	-0.018648	0.0010959	0.010072	-0.0018457	0.0022229	-0.0080985	0.0075281	0.0031864	0.001952	0.0093124	0.0091473	-0.031976	-0.024218	0.003149	-0.0025982	0.0081993	-0.0001054	0.0045944	0.0034759	-0.0094387	-0.023901	-0.066123	-0.052694	-0.0003799	0.0030429	0.0056322	0.0017561	5.0492e-05	-0.047617	-0.0041129	0.0031386	0.0050609	-0.00067829	0.0081854	0.0031598	0.0057642	-0.0040116	-0.00061933	0.0012661	0.00053993	0.0035193	0.0058607	0.0044523	-0.0032751	-0.033	-0.057363	0.0055637	0.00085446	0.011102	0.0029263	0.004955	0.00060272	0.0057126	0.0049419	-0.0002505	0.00092017	0.004617	0.0078969	0.00071085	-0.0050094	-0.0193	0.0038453	0.0018676	0.007688	0.0036918	0.0046595	0.0013088	0.0023661	0.002464	-0.0012779	0.0037004	0.0023793	0.00063093	0.0045153	-0.00042994	0.00095573	0.00081167	-0.0016691	0.0016779	0.0030104	0.0013864	-0.0092004	-0.0029912	0.0053772	0.0066646	0.0040457	0.012536	-0.0076407	-0.0027687	0.0012633	0.011417	0.0074698	0.00090705	0.009865	0.0009405
-0.0020223	-0.018005	-0.011809	-0.027164	-0.0062662	0.00012675	0.010468	0.0031964	0.0011204	0.0045347	-0.006362	-0.036786	-0.035823	-0.027303	-0.028567	0.40872	-0.030506	-0.0088962	0.0025478	0.00099483	-0.00052771	-0.0018073	-0.0036319	0.0033386	0.0076312	0.014941	-0.0025224	-0.013356	-0.0058025	0.0063178	0.002994	0.0026105	-0.0074274	0.0052267	0.0083768	0.0054488	-0.0027946	-0.023573	-0.011	0.0061402	0.0022209	0.0059934	0.0057604	0.0063901	0.00011749	0.0048882	0.0043933	0.0017186	0.0063902	0.0033007	0.0068652	0.011415	0.0049065	0.0047628	0.0027482	0.0014762	0.002892	0.0060881	0.00078853	0.0018136	-0.00058084	-0.012249	0.0080038	0.0039168	0.0050057	0.009596	0.002649	0.0028788	0.010211	0.0015821	0.0039523	-0.00056807	0.0043016	0.0029348	0.0030492	0.0042616	-0.0070203	0.0054748	0.004865	0.00026204	0.0066898	0.011274	0.0025451	0.011252	0.0011378	0.0024151	0.010239	0.00087902	0.0027535	0.01167	-0.0024466	-0.0062711	0.0002293	0.0046527	0.0032306	0.0031476	0.0070437	-0.0024263	-4.3801e-05	0.0038099	0.0042749	0.0092015	0.0070751	-0.0074465	0.0015203	0.0053522	0.0090707	0.0034025	0.0048685	0.012047	0.0090813
0.0062851	-0.001577	-0.00060454	-0.015973	-0.0028625	-0.00047145	0.019434	0.011072	0.011093	0.0077436	-0.048616	-0.059483	-0.042661	-0.014115	-0.018648	-0.030506	0.51905	-0.097667	-0.029569	-0.00032058	-0.00035228	-0.0002983	-0.0026214	0.0047205	0.0094788	-0.012359	-0.051408	-0.055638	-0.018629	0.0059121	0.010239	0.0040133	-0.0060711	0.0035279	0.0089724	0.011567	0.0018266	-0.042851	-0.0042344	0.00649	0.0030197	0.0025567	0.0032376	0.0034138	0.0082137	0.0032613	0.0056357	0.0033922	0.0030037	-7.5868e-05	0.0065652	0.0064522	0.0071825	0.0024189	0.0016345	0.0021562	-0.00055365	0.0037201	-0.00099923	0.0056022	0.0063723	0.00098789	0.0065834	0.0026348	0.0019802	0.0028269	0.0010182	0.0052054	0.0053864	0.0036602	0.0024165	-0.0010687	0.002522	0.0015686	0.00094576	0.0088799	0.0056606	0.0086895	0.0041293	0.0044837	0.0029098	0.0071125	0.0036145	0.0089403	0.00013994	6.0488e-05	0.0014945	0.0035881	-0.00043908	0.0095524	0.00022685	-0.0028365	-0.0048318	0.0016015	0.00027453	0.0034599	0.0047689	0.0061106	0.0020659	0.0021834	0.0033072	0.0082811	0.0047662	-0.0058008	-0.00032089	0.0048948	0.010427	0.0033671	0.008383	0.0084516	0.0058655
0.0062176	0.0077201	0.0052451	0.0094931	-0.0014764	-0.010952	0.013085	0.0094997	0.0037363	-0.013682	-0.057064	-0.034578	-0.012004	0.01501	0.0010959	-0.0088962	-0.097667	0.37792	-0.067919	-0.0069956	0.0010896	-0.0049799	0.0020513	-0.0028648	-0.0061932	-0.018354	-0.057151	-0.039172	-0.0042716	0.011841	0.013172	-0.00049253	-0.0044523	0.010906	0.012691	0.0058222	0.013957	-0.0013248	0.0083089	0.0040935	0.00074533	3.1008e-05	0.0048624	0.0043934	0.0081882	0.0047609	0.0017718	0.0031038	0.0039189	0.0039652	0.0025412	0.0073149	0.0076719	0.0019482	0.0016702	0.0047499	0.0023826	0.0019975	-0.0025212	0.0058368	0.0050247	0.011609	0.0020982	-0.0011467	0.0042652	0.0058309	0.00095008	0.00033526	0.0063844	0.00049882	0.0021326	0.0071246	-0.00066898	0.0029971	0.0038933	0.00063916	0.0065451	0.0033602	0.0022941	-0.0040611	0.0029121	0.0070887	0.0019254	0.0096118	0.0029285	0.00023503	0.0085534	0.0019346	0.0025662	0.0062271	-0.0012623	-0.005947	-0.0002256	0.0046698	0.0040928	0.00091022	0.0028094	0.0029423	0.0071099	0.0041616	0.0012492	0.0049086	0.0060032	-0.0034561	-0.0021504	0.0024072	0.0089915	0.0069691	0.012547	0.010985	0.0045153
0.0072471	0.0022009	0.0018746	0.010827	0.0076468	0.0052364	-0.019997	-0.012998	-0.030853	-0.052197	-0.032849	0.0068235	0.0033496	0.020038	0.010072	0.0025478	-0.029569	-0.067919	0.53054	-0.061167	-0.0054122	-0.012013	-0.0047484	-0.010177	-0.047222	-0.044054	-0.034388	-0.006293	-0.00052975	0.0065902	0.0064876	0.0050245	-0.011428	0.008954	0.012734	0.0012404	0.0068198	0.002616	0.0068119	0.0028812	0.0047298	0.0074996	0.0051783	0.003801	0.013779	0.010965	0.0063662	0.0043551	0.0092291	0.013095	0.0077786	0.014265	0.0033203	0.005673	0.0020618	0.001004	0.006837	0.0040477	0.0063413	0.0045958	0.0034428	0.0013632	0.010401	-0.0038856	0.010692	0.011437	0.0029155	0.0025115	0.010109	0.0035033	0.00042507	0.001883	0.0059462	0.0031505	0.00019485	0.00589	0.004769	0.0092543	0.0016442	0.0029368	0.010784	0.015173	0.0044104	0.014781	0.00057192	0.0047874	0.009559	0.0036986	0.0031423	0.021122	-0.0055464	-0.00991	-0.00075631	0.0098524	0.0055698	0.0019317	0.0039189	-0.0014489	0.011045	0.0059987	0.0020285	0.012867	0.0061337	-0.005114	0.0095391	0.0056106	0.014071	0.011246	0.023338	0.012034	-0.0094691
0.0041248	-0.0033351	0.0055583	0.0020306	0.0075244	0.0066967	-0.015735	-0.023485	-0.032057	-0.034075	-0.011822	0.00082833	0.0039485	0.006171	-0.0018457	0.00099483	-0.00032058	-0.0069956	-0.061167	0.44377	-0.0096052	-0.02264	-0.019702	-0.038732	-0.066301	-0.014348	-0.0086629	0.0051789	-0.0030239	-0.00059682	0.0011347	-0.0082054	-0.013384	0.001422	0.0021372	0.00164	0.0024333	0.0045322	0.0064886	0.0017547	-0.00022427	0.0032046	0.00046071	0.0045539	0.0020901	0.0042749	-2.2211e-05	0.0043485	0.0038186	0.0021796	0.0051471	0.0063527	0.0041287	-0.00075526	-0.0031591	0.00062437	0.0023744	0.0062359	-0.008185	0.00018688	0.004601	0.0024127	0.0062174	0.0020416	0.00010518	0.0067206	0.00067038	0.0020795	0.0037859	0.0022276	0.00063255	0.00083295	-0.0010977	-0.00080213	0.0021477	0.0023726	-0.00023862	-0.00076997	0.0052964	0.0021032	0.0019099	0.0037813	0.0020792	0.00507	0.0013783	0.0013018	0.0034578	0.00061244	-0.00094744	0.0087891	-0.00022356	-0.010616	-0.00054601	0.0026557	0.0014541	0.0046442	0.00054039	0.0025894	0.0023972	0.0028766	0.00076747	0.0050339	0.0039855	-0.0208	-0.0066178	0.003938	0.0057427	0.0036922	0.0051818	0.010801	-0.0058219
0.0013854	0.0001813	-0.00077811	0.00044816	7.8261e-05	0.001828	-0.0023228	-0.0045784	-0.0087178	-0.0048228	-0.00092246	-0.0014395	0.0015978	0.002111	0.0022229	-0.00052771	-0.00035228	0.0010896	-0.0054122	-0.0096052	0.1615	-0.020511	-0.012932	-0.012365	-0.0076221	-0.0014248	-0.00043008	0.00058655	0.0014058	-0.0011525	-0.00084397	-0.0057316	-0.0083748	0.00035794	-0.00094699	0.00051731	-0.0012596	0.0007287	0.00021197	0.0010107	0.00059881	-0.0014837	-0.0002911	0.00071743	-0.00053907	0.0010613	0.0010329	4.122e-05	2.6496e-05	1.8705e-05	0.00076629	0.0013239	-0.0012365	0.0021687	-7.0489e-05	-0.00046632	0.0022902	0.00054872	0.00012028	0.00017355	0.0017628	0.00075481	0.0011545	-0.00041083	0.0016464	0.0010384	0.0015855	-0.00032779	0.0014604	0.00051541	0.0006671	-0.00019937	0.0015054	0.00058415	0.0020275	-0.00010726	-0.0013402	0.0019634	0.001002	0.0016079	0.00095454	0.00080289	-2.2076e-06	0.00011511	0.00038716	-0.00038352	0.00082861	0.0012407	-0.00056998	0.0028299	-0.0020169	-0.0028352	-0.0032061	-6.7611e-06	0.001116	-0.00041213	0.00010128	-0.00064272	0.0010375	0.00053862	0.0019548	0.0018714	-0.00079601	-0.0085523	-0.0036041	-0.0024067	0.0015822	-0.00041408	0.0022926	0.0035817	-0.0027145
-0.0074136	0.00020372	-0.0013615	-0.0030655	-0.0044001	-0.0028302	-0.0039396	-0.029733	-0.017303	-0.01594	-0.0096635	-0.00045033	-0.0021283	-0.023472	-0.0080985	-0.0018073	-0.0002983	-0.0049799	-0.012013	-0.02264	-0.020511	0.43504	-0.15398	-0.045504	-0.018237	-0.014381	0.0018971	-0.014122	-0.0028381	4.2879e-05	0.01139	-0.0079143	-0.023741	-0.0067156	-0.0095594	-0.0044309	0.0008344	-0.0075971	-0.00077792	-0.0056023	-0.0033112	-0.012565	-0.0065775	-0.0036405	-0.0046807	-0.00097778	-0.0045141	-0.0019789	-0.012328	-0.0019061	-0.0094851	-0.011039	-0.014814	0.0015132	-0.0016091	-0.0018714	-0.0015807	-0.00098229	-0.0034101	-0.0021633	-0.0024644	0.00054554	-0.012638	0.0011705	-0.0073693	-0.0095975	-0.0021087	-0.0062689	-0.020443	0.0034151	-0.0037788	-0.0034906	-0.0054547	-0.0027821	0.0035409	-0.0077647	-0.0021193	-0.0057228	-0.0047302	0.00029688	-0.0087894	-0.012271	-0.0021109	-0.0076904	-0.0025323	-0.00031993	-0.015577	-0.001813	-0.00016509	-0.023722	0.0031088	-0.0011648	-0.0099768	-0.0062332	0.00099043	-0.00072217	-0.0038895	0.0027046	-0.0092652	-0.0023378	-0.0018611	-0.0088524	0.0025943	-0.043969	-0.020081	-0.0025326	-0.0053122	-0.00097507	-0.013042	-0.0039595	-0.010378
-8.9988e-05	-0.0012203	0.00071779	-0.0049352	-0.001982	0.00095292	-0.0040969	-0.0095312	-0.011981	-0.0067864	-0.00047773	-0.0025566	-0.0056332	-0.0090567	0.0075281	-0.0036319	-0.0026214	0.0020513	-0.0047484	-0.019702	-0.012932	-0.15398	0.55315	-0.094679	-0.025795	-0.0049853	-0.00082631	-0.0065949	0.0018037	-0.00208	-0.01596	-0.054467	-0.051845	-0.017264	-0.0064917	0.0059623	0.0011277	-0.005144	0.002009	0.0021795	-0.0041298	-0.014075	-0.0072775	-0.0041706	-0.001685	-0.0043599	0.0011888	-0.0050217	-0.0013025	-0.008815	-0.0020925	-0.0056019	-0.0033	-0.00061661	-0.0037742	-0.001214	-0.0040097	-0.00070617	0.0040205	-2.3712e-05	-0.00092553	-0.0022313	-0.0073292	0.000742	0.0013698	-0.0071645	-0.0037522	-0.0016937	-0.0044528	-0.00045104	0.0017426	0.00064159	-0.0014322	0.00036815	-0.0080378	-0.0019865	-0.001004	-0.0023815	-0.003128	-0.0048705	-0.0050961	-0.0065996	-0.0015897	-0.0039194	0.00076156	-0.0014803	-0.0035779	0.0019574	-0.00019155	-0.0068969	-0.0090175	-0.016096	-0.011266	-0.00080733	0.0013915	0.0011861	-0.0016896	-0.00042289	-0.0046993	-0.00049389	0.0060141	-0.0040789	-0.0054645	-0.022139	-0.011273	0.0024383	-0.0011499	0.00032546	-0.0025802	-0.00022833	-0.0062463
0.0054783	0.0012272	-0.0010451	-0.0011949	-0.0012582	0.0035015	0.0043508	-0.017109	-0.014403	-0.0036382	0.0031917	-0.00054332	0.00469	0.013657	0.0031864	0.0033386	0.0047205	-0.0028648	-0.010177	-0.038732	-0.012365	-0.045504	-0.094679	0.6492	-0.12129	-0.0099697	0.0012714	0.010135	-0.0017198	-0.020213	-0.061999	-0.09251	-0.041951	-0.014325	-0.0016403	0.0035495	0.0080313	0.0040653	0.0013605	-0.00018995	0.0024826	0.0049963	0.0057508	0.0014574	0.0092246	0.0022538	0.0042699	0.00051061	0.002279	0.0050958	0.0041514	0.0080565	0.0026476	-0.00038154	-0.00081808	0.0049611	-0.002903	0.0035313	0.0066374	-0.0012179	0.00059263	0.001693	0.0034627	0.00074244	-0.0017586	0.0089981	-0.00034599	0.0042484	0.0079826	-0.0011509	-0.00053068	0.0010544	-0.00069598	0.0026956	0.00097373	-0.0011234	-0.0035569	-0.0012938	0.0042716	-0.0014033	0.0035269	0.0052499	0.0022183	0.002735	0.0024451	0.0018466	0.0078008	0.00069999	-0.00055992	0.0086383	-0.0027496	-0.013942	0.00095528	0.004428	0.0055668	0.0028892	0.0021187	0.0019811	0.009714	0.0019751	-0.0020964	0.0096744	-0.000254	-0.030906	-0.019128	0.0029846	0.008388	-0.00072071	0.0087056	0.012055	0.0042563
0.0050595	-6.4005e-05	0.0036787	0.011282	0.0072553	0.0026953	0.010094	-0.0048619	-0.016868	0.002661	0.015343	0.011945	0.0093738	0.030325	0.001952	0.0076312	0.0094788	-0.0061932	-0.047222	-0.066301	-0.0076221	-0.018237	-0.025795	-0.12129	0.65324	-0.09164	-0.022366	0.0076785	-0.0098926	-0.047404	-0.097126	-0.045628	-0.017187	0.0073668	0.0052741	0.0087036	0.013315	0.012019	0.0027635	0.012184	0.0048698	0.021998	0.012447	0.005778	0.0086673	0.011789	0.0045822	0.0023295	0.010622	0.00076875	0.0089266	0.020387	0.0079567	0.00011245	0.0064163	0.00060329	0.0077667	0.002992	0.0051703	-0.0024117	0.011497	0.0037203	0.014088	0.0018364	0.011616	0.014659	0.0054208	0.0013589	0.020351	0.0023578	0.0003901	0.0050782	0.0032698	0.0022305	0.0044275	0.0057712	0.00088326	0.0043767	0.0054904	0.005681	0.011145	0.017362	0.0026961	0.012739	0.0022317	0.00080052	0.017248	-0.0002155	0.002094	0.022734	-0.00052421	0.00047527	0.0073475	0.0070631	0.0047586	0.0036513	0.0049784	-0.0010814	0.012598	0.0019032	0.0026838	0.01503	0.013343	-0.0058563	-0.014613	-0.0028666	0.012699	0.0028508	0.017635	0.011618	-0.0003413
0.027503	0.010565	0.0095524	0.012217	0.017905	0.017077	0.022106	0.0099846	0.0015333	0.045444	0.054656	0.024058	0.019703	0.084848	0.0093124	0.014941	-0.012359	-0.018354	-0.044054	-0.014348	-0.0014248	-0.014381	-0.0049853	-0.0099697	-0.09164	0.48891	-0.083091	0.0015453	-0.020858	-0.04927	-0.033287	0.010775	-0.027241	0.028836	0.04527	0.0099096	0.023154	0.020258	0.019937	0.022078	0.017418	0.037212	0.030296	0.02124	0.039837	0.030556	0.0094089	0.011533	0.03028	0.012548	0.030727	0.056132	0.01856	0.0076216	0.011141	0.010398	0.010336	0.013783	0.0056349	0.011945	0.019394	0.011253	0.040817	0.0023809	0.038749	0.051054	-0.0011472	0.012244	0.063435	-0.0018093	0.0091491	0.014283	0.012946	0.0099315	0.0063692	0.014042	0.005847	0.025997	0.014775	0.0030031	0.033589	0.056978	0.0075848	0.0557	0.0048485	0.0061521	0.045614	0.0082243	0.006252	0.080454	-0.013346	-0.02762	0.0097129	0.020657	0.0144	0.004838	0.014518	0.0091313	0.03223	0.010844	0.0064798	0.049762	0.03523	-0.024811	0.0089452	0.012882	0.030928	0.013059	0.05263	0.015298	0.028033
0.0060119	0.0058804	0.0097892	0.010052	0.00066107	0.0025939	0.014861	0.012997	0.00753	0.020368	0.013068	0.0079919	-0.00053089	0.014506	0.0091473	-0.0025224	-0.051408	-0.057151	-0.034388	-0.0086629	-0.00043008	0.0018971	-0.00082631	0.0012714	-0.022366	-0.083091	0.3776	-0.064548	-0.033839	-0.030791	-0.0003401	0.0051553	-0.0028351	0.0089573	0.0087375	0.0022602	0.0054207	-0.015288	0.0043981	0.0091223	0.0011613	0.0094409	0.0076245	0.006796	0.015381	0.0074969	0.0021521	0.0042057	0.0063126	0.0057269	0.0085567	0.010195	0.010059	0.0014695	0.0033458	0.0051116	0.0057472	-0.00047855	0.002912	0.0018745	0.0038606	0.0042188	0.0085316	0.003801	0.0043422	0.0070688	-0.0015081	0.0044182	0.0047576	0.0050215	0.0064108	0.0049929	0.0048752	-0.0010717	0.0045268	0.006387	0.0033996	0.0076416	0.0046303	0.0013144	0.0047434	0.0098721	0.0040444	0.011121	0.0023734	0.0045715	0.0072658	0.0020499	0.0037108	0.010218	-0.0017461	-0.0067753	0.0041012	0.0067654	0.0074002	0.0039769	0.0043958	0.0040382	0.0093037	0.0040093	-0.0001934	0.0080287	0.0090592	-0.0022477	0.0073745	0.0033345	0.010441	0.007499	-0.0017436	-0.0099274	0.0074165
0.024602	0.0017532	0.0087271	0.0046647	0.015516	0.016922	0.023041	0.00655	0.0056346	0.041362	0.028307	-0.0063377	-0.0073121	0.053195	-0.031976	-0.013356	-0.055638	-0.039172	-0.006293	0.0051789	0.00058655	-0.014122	-0.0065949	0.010135	0.0076785	0.0015453	-0.064548	0.65025	-0.052754	-0.021954	0.0014072	0.0048867	-0.022079	0.021325	0.025354	-0.022627	-0.012491	-0.051669	-0.01413	0.0073316	0.012273	0.025376	0.024101	0.014527	0.019093	0.021445	0.010359	0.0091113	0.021783	0.010622	0.02604	0.0496	0.022151	0.0076966	0.012965	0.0057576	0.012974	0.013396	-0.0010491	0.0056267	0.014408	0.0015325	0.039117	0.0019495	0.024426	0.036532	0.0033007	0.0075935	0.050516	-0.00088839	0.0067956	0.013386	0.011565	0.00086712	0.01072	0.023751	0.0053996	0.01783	0.014269	0.0016069	0.029439	0.0424	0.0077665	0.04353	0.0055707	0.0037884	0.043819	0.002691	0.0023901	0.067072	-0.010782	-0.025643	0.007656	0.015173	0.0098189	0.0057287	0.014485	0.0049022	0.022348	0.0018345	-0.00030541	0.039876	0.02694	-0.022322	0.0012469	0.015915	0.030109	0.0069208	0.043101	0.024952	0.034018
0.0075044	0.00085208	0.0035102	0.0059382	0.0044918	0.0047795	0.0066621	0.0030184	0.0040795	0.0056205	0.011873	0.0032989	-0.0010087	0.0097443	-0.024218	-0.0058025	-0.018629	-0.0042716	-0.00052975	-0.0030239	0.0014058	-0.0028381	0.0018037	-0.0017198	-0.0098926	-0.020858	-0.033839	-0.052754	0.55368	-0.052824	-0.0059496	0.0051211	0.00069858	-0.0059877	-0.020159	-0.062581	-0.046911	-0.053105	-0.024478	-0.012216	-0.0020519	0.0038351	0.0033419	0.0033285	-0.0082252	0.0047169	0.0041895	0.0037893	0.0025567	0.0096901	0.0071686	0.011459	-0.0031884	0.0070878	0.0053781	0.0011446	0.0017982	0.0030345	-0.00096743	0.005829	0.0031713	-0.0052653	0.01122	0.0020887	0.00083936	0.011052	0.0038413	0.0020504	0.0104	0.0015678	0.0033434	0.0033407	0.00019713	0.0036127	0.0053243	0.0052228	0.0027048	0.012089	0.0076747	0.00021702	0.0069721	0.011326	0.0024927	0.0092775	0.0033159	-0.0010065	0.0098618	0.004199	0.0016345	0.016167	0.00020113	-0.0018148	0.0060159	0.0034843	0.0047161	-0.0042057	0.0050611	0.0041744	0.0024966	-0.0018164	0.0046127	0.004739	0.0063158	-0.0059582	0.0023523	0.0025374	-0.00071676	-0.0037706	0.0091248	0.0080669	0.0088964
0.011435	0.0080778	0.0034831	0.0082805	0.0068886	0.0075392	0.009608	0.0066802	-0.0023333	0.011866	0.01863	0.010601	0.0080003	0.024371	0.003149	0.0063178	0.0059121	0.011841	0.0065902	-0.00059682	-0.0011525	4.2879e-05	-0.00208	-0.020213	-0.047404	-0.04927	-0.030791	-0.021954	-0.052824	0.48556	-0.017898	-0.018107	-0.006287	-0.01874	-0.039842	-0.04786	-0.0085908	-0.0044993	-0.00033753	-0.0059212	4.138e-05	0.00061037	0.0041615	0.0074476	0.011017	0.0090917	0.0056744	0.0061714	0.014995	0.010134	0.010661	0.019424	0.013787	0.0013011	0.0027484	0.0057034	0.0055724	0.010701	-0.0010986	0.0067106	0.0027179	0.0047946	0.011555	0.0020663	0.012702	0.015588	0.0042986	0.0057996	0.024584	-0.0019791	0.0025722	0.0053526	0.0061163	0.0030431	0.0014346	0.0087228	0.007274	0.0084347	0.0098089	0.0035188	0.011474	0.02019	0.0035544	0.014651	0.0056181	0.0064455	0.014355	0.0023769	0.0041865	0.027054	0.0040095	-0.0020782	0.0031346	0.0071849	0.0029726	0.0025185	0.0086375	0.0044429	0.010214	0.0019006	0.004185	0.012975	0.009241	0.0015956	-3.6489e-05	-0.0017303	0.002245	0.0016156	0.011295	0.011515	0.019158
0.0063354	0.005575	0.0044356	0.0041185	0.0031662	0.0027992	0.0066976	0.0082605	0.00070577	0.0031237	0.0037492	0.0055134	0.0061516	0.0079042	-0.0025982	0.002994	0.010239	0.013172	0.0064876	0.0011347	-0.00084397	0.01139	-0.01596	-0.061999	-0.097126	-0.033287	-0.0003401	0.0014072	-0.0059496	-0.017898	0.39958	-0.093646	-0.013952	-0.013902	-0.0044789	-0.0048642	-0.002604	0.0017665	0.0028393	-0.0043103	-0.0015098	-0.012478	0.00024341	0.00035346	-0.0013333	-0.00039277	0.0036956	0.003691	0.0050791	0.0050597	0.00021866	0.0076025	0.0090984	0.00079659	0.0017339	0.0039129	0.0028101	0.0024624	0.0028631	0.0056292	-0.0001663	-4.2126e-05	0.0026	0.0013869	0.0057101	0.0070696	0.00047645	0.0051619	0.014895	-0.0021353	0.0057989	0.0034326	0.0091862	0.0045731	0.0013281	0.0029682	0.0029646	0.005613	0.0028601	0.0035827	0.0035743	0.0053022	0.0018762	0.0057874	-0.001198	-0.00062445	0.0053584	0.0039842	-0.0011756	0.0091615	0.0033262	0.010147	0.012179	0.005174	-0.00084254	-0.00023802	0.0006842	0.0025664	0.0021215	0.0020675	0.0014059	0.0012208	0.001236	0.0066039	-0.015006	-0.0050301	0.0031648	0.0027467	0.0075473	0.0088519	0.0030812
0.00098741	-0.0011133	-6.9878e-05	0.0002285	0.00017066	0.0012616	0.0068093	-0.0080763	-0.0081395	0.0016593	0.0022136	-0.0027508	-0.00061485	0.0050288	0.0081993	0.0026105	0.0040133	-0.00049253	0.0050245	-0.0082054	-0.0057316	-0.0079143	-0.054467	-0.09251	-0.045628	0.010775	0.0051553	0.0048867	0.0051211	-0.018107	-0.093646	0.51682	-0.055111	-0.043384	-0.011925	-0.0019206	0.0061393	0.010467	-0.0011505	0.00035854	-0.0012569	-0.020188	-0.0051416	-0.00013718	-0.0010004	0.00069232	-0.0027927	0.0021266	-0.0042951	-0.0062211	0.0044306	0.0023421	0.018884	0.0058546	0.0038756	-0.00074148	0.00246	0.0017933	-0.0016893	-0.00068437	-0.00090488	-0.00069337	0.0017541	-2.0238e-05	0.0040099	0.0034426	0.0018499	0.0020351	-0.00072185	0.0015032	0.0014183	-0.0018985	0.0011292	-0.0050336	0.0028526	0.00063997	-0.00044188	-0.0017262	-0.0022282	-0.00038549	0.007149	0.004184	0.00044991	0.0051631	-0.00078841	0.001215	0.0024247	0.0027262	0.00065474	0.0075082	-0.0061849	-0.018963	-0.0045226	-0.0016657	0.0057628	0.00090595	0.002206	0.0015957	0.003378	0.0020003	0.0027904	0.0036104	-0.003018	-0.017773	-0.013515	-0.00084287	0.010244	0.0064211	0.0017114	0.0062283	0.00082523
-0.016028	-0.0049767	-0.0053613	-0.0050681	-0.0042505	-0.003813	-0.009926	-0.006477	-0.0056067	-0.01589	-0.01912	-0.0022206	-0.0082185	-0.037915	-0.0001054	-0.0074274	-0.0060711	-0.0044523	-0.011428	-0.013384	-0.0083748	-0.023741	-0.051845	-0.041951	-0.017187	-0.027241	-0.0028351	-0.022079	0.00069858	-0.006287	-0.013952	-0.055111	0.37322	-0.040219	-0.02626	0.00021113	-0.0077321	-0.015152	-0.0034418	-0.0074165	-0.0084876	-0.036093	-0.017866	-0.010847	-0.0083978	-0.013698	-0.0039778	-0.0057706	-0.017715	-0.017717	-0.013452	-0.028552	-0.0036704	-0.002946	-0.0016015	-0.0028037	-0.0032058	-0.010522	0.0014536	-0.0046923	-0.010303	1.2498e-05	-0.022069	-0.0016778	-0.014278	-0.02439	-0.00069645	-0.0059584	-0.035933	0.0028416	-0.0042272	-0.0084873	-0.0062589	-0.0011401	-0.0070509	-0.0076073	0.0012052	-0.0091148	-0.0086209	-0.0027757	-0.015923	-0.02667	-0.003643	-0.020166	-0.0014986	0.0001847	-0.023441	5.7885e-05	-0.0015194	-0.042548	-0.0053102	-0.011817	-0.017258	-0.0055527	-0.0020034	-0.0013256	-0.0038597	-0.00061293	-0.013421	-0.0013038	-0.00038956	-0.019204	-0.02117	-0.0026709	-0.0015415	-0.0067526	-0.016609	-0.0054214	-0.028677	-0.017049	-0.021012
0.0082317	-0.00086691	0.0027198	0.0054201	0.0052336	0.0088503	0.0079235	0.00056952	0.0006866	0.011952	0.014782	-0.00052749	0.0011501	0.022519	0.0045944	0.0052267	0.0035279	0.010906	0.008954	0.001422	0.00035794	-0.0067156	-0.017264	-0.014325	0.0073668	0.028836	0.0089573	0.021325	-0.0059877	-0.01874	-0.013902	-0.043384	-0.040219	0.48262	-0.04549	-0.04818	-0.003249	0.0080334	0.0088127	-0.017673	-0.00033217	-0.10351	-0.010098	-0.0027361	0.015704	0.011306	0.0056348	0.002334	-0.0010016	-0.0134	0.015635	0.020055	0.00058448	0.0063335	0.012095	0.0029236	0.0036948	0.0098814	0.002544	0.0042222	0.0065387	0.0073556	0.014915	0.00090248	0.015001	0.016255	0.0052474	0.0048894	0.020019	0.00012312	-0.0021167	0.0056049	0.004471	0.0024495	0.0047969	0.0068503	0.0028222	0.011122	0.00591	0.0031173	0.0095844	0.018243	0.0038056	0.021213	0.0049635	0.0037287	0.016467	0.0016342	0.0046096	0.026607	-0.004737	-0.014466	-0.0088269	-0.00057242	-0.0036562	0.0028536	0.0039464	0.0044184	0.0083895	0.0068909	0.0023767	0.0073814	0.0042511	-0.01317	0.000144	0.0017961	0.016506	0.0067334	0.024129	0.016717	0.018927
0.017266	0.0053538	0.0051608	0.0064032	0.0058221	0.0086776	0.017	0.0034343	1.5636e-05	0.023888	0.023934	0.0012574	0.011931	0.050806	0.0034759	0.0083768	0.0089724	0.012691	0.012734	0.0021372	-0.00094699	-0.0095594	-0.0064917	-0.0016403	0.0052741	0.04527	0.0087375	0.025354	-0.020159	-0.039842	-0.0044789	-0.011925	-0.02626	-0.04549	0.4563	-0.065574	-0.01376	0.01384	0.0080418	-0.02386	-0.0034265	-0.027225	0.00031019	0.00028064	0.013503	0.01381	0.0093332	0.00035271	0.016568	0.0046172	0.01993	0.03538	0.017242	0.0017842	0.0083503	0.0075467	0.0097432	0.0088885	0.0069873	0.010506	0.0087383	0.0071113	0.025436	0.0017064	0.019972	0.028616	0.0019619	0.0068813	0.040762	0.0017697	0.0083078	0.012287	0.0079921	0.0076518	0.0046103	0.010358	0.0053542	0.014721	0.0094418	0.00017038	0.018339	0.036836	0.0053477	0.031739	0.0031961	0.0033998	0.033283	0.00451	0.0029574	0.052395	-0.0055425	-0.018407	0.0055764	0.011111	0.0051967	0.00016607	0.0077178	0.0042288	0.021855	0.0041704	-0.00084093	0.023397	0.020728	-0.01737	-0.0033201	0.0066334	0.024129	0.0088689	0.041738	0.029569	0.026868
