0.48941	-0.075053	-0.028132	-0.022199	0.00057031	-0.00121	-0.00020123	0.00073362	0.0021473	-0.0041617	0.0015349	0.0047754	0.002704	0.0075738	-0.0026325	-0.032316	-0.0068177	0.010285	0.0011544	-0.0013612	0.0024975	-0.00076177	-0.0016631	0.00011784	-0.00016231	0.00010793	0.002817	0.0030455	0.0055617	0.0080027	0.003487	0.0014115	0.0006409	-0.0038186	0.0025718	0.0019074	0.0098965	-0.00096121	0.00762	0.0019625	-0.0008334	-0.00078237	0.0028623	0.0007719	0.0020429	0.0014273	0.00032207	0.001838	0.00095548	-0.0070224	-0.0019504	0.00027523	0.00060246	-1.0534e-05	0.0018169	0.00076374	0.0024758	0.0014748	0.0037015	0.0025804	0.0025824	0.002148	0.001364	0.0042954	0.013965	-0.02033	-0.05687	-0.055157	-0.082811	-0.038579	0.0027318	0.010294	0.0035936	-0.0022435	-0.0021899	0.0029429	0.0019705	0.0012897	0.0063763	0.0067924	-0.01869	-0.043279	-0.05402	-0.0077129	-0.008045	0.0054861	0.0044216	0.0025996	0.0039106	0.001455	-0.0015297	0.00048019	0.0017099	0.0038793	0.0002747	0.0042447	0.0014595	-0.0045349	0.0017103	0.001876	-0.0014871	0.0013802	-0.0017261	0.018325	0.007241	0.0039481	0.0030632	0.0020998	-0.00016027	-0.00052154	-0.00072198	0.0062073	0.0063469	0.0043694	0.0048102	0.00418	-0.00013114	-0.0014121
-0.075053	0.56525	-0.060847	-0.031255	0.0083702	0.013124	0.018898	0.0048885	-0.018655	0.007732	0.0011427	0.050368	0.065984	-0.0083991	-0.0018009	-0.067859	0.0021811	0.0010721	0.014309	0.016604	0.0057127	0.010101	-0.0090207	-0.0073263	0.0077801	0.026161	0.074787	0.0105	0.075072	0.012186	0.022993	0.012101	0.010279	-0.024466	0.063997	0.006937	0.031988	-0.0026947	0.017012	0.0039857	0.014773	0.028848	0.013988	-0.035315	-0.016141	0.10753	-0.0015145	-0.0029136	0.069638	0.016301	0.026095	0.0043355	0.0059388	0.010696	-0.0054853	0.010183	0.070445	0.034379	0.0049957	0.075815	-0.0064466	0.0077952	0.018084	0.02374	0.015642	0.0017872	-0.034063	-0.068191	0.028412	0.027679	0.020935	0.052888	0.0151	0.0091782	0.078251	-0.00885	0.0060188	0.020099	0.021512	0.010072	0.0090361	-0.031056	-0.060075	0.026733	0.026492	0.0063102	0.036993	0.065395	0.076747	-0.0068513	0.0085406	0.0040022	0.00076166	0.055194	0.00013484	0.10911	-0.013632	-0.04497	0.016453	0.016067	0.0056664	0.018063	-9.5198e-05	0.042182	0.016107	0.0081511	0.056696	0.038903	-0.011817	0.0079405	0.020349	0.012515	0.068692	0.0071197	0.087419	0.016673	0.0082629	-0.02341
-0.028132	-0.060847	0.67261	-0.090503	0.0032261	0.0021936	0.008508	0.01011	-0.0051233	0.00053378	0.00024381	0.017097	0.023782	-0.015792	-0.018502	-0.035256	-0.013545	-0.0073253	0.0065409	0.0080894	0.0056947	0.00039257	0.00055757	-0.0029269	0.0020805	0.0046922	0.035534	0.0068934	0.034887	0.0089964	0.0052892	0.0019087	0.0087601	-0.0097595	0.025356	0.0018702	0.010615	0.003393	0.0086987	0.0043682	0.005047	0.011467	0.0056681	-0.014301	-0.0030136	0.036243	0.0017449	0.0014138	0.024779	0.014778	0.0073205	0.00056756	0.0017654	0.00326	-0.0019854	0.004323	0.026078	0.0089756	0.0061958	0.028418	-0.0023059	0.0024111	0.0076864	0.0061709	0.011861	0.0072164	-0.0030334	-0.02422	0.014353	0.011573	0.0081299	0.01682	0.0059855	0.0077992	0.026065	-0.0021024	0.0040378	0.011169	0.010281	0.007053	-0.0017163	-0.030749	-0.065057	-0.025671	-0.0066438	0.0056453	0.017329	0.023888	0.027934	-0.0032908	0.0036456	0.0018004	0.00044847	0.022512	0.0020117	0.04086	-0.0051338	-0.016075	0.0082332	0.009064	0.00070858	0.00051151	-0.06006	-0.088251	-0.018873	0.006196	0.023774	0.013759	-0.0033459	0.009343	0.013341	-0.0052501	-0.0047498	0.0011013	0.031433	0.0044698	0.0054506	-0.012573
-0.022199	-0.031255	-0.090503	0.6738	0.0082263	-0.014942	0.0065193	0.0075522	-0.0046639	-0.00038635	0.0060558	0.055768	0.050044	-0.070602	-0.034681	-0.03239	-0.0051273	-0.024018	0.014417	0.020091	0.0095514	0.0069131	-0.0086324	-0.0086541	0.0056849	0.020261	0.076266	0.0053487	0.072226	0.010125	0.02582	0.019364	0.01054	-0.027665	0.061228	0.004021	0.025285	0.0092291	0.019564	-0.0046728	0.014517	0.024215	0.015118	-0.021448	-0.01658	0.10305	0.0014121	0.0028473	0.064383	0.037228	0.017882	0.0022865	0.0062399	0.011612	-0.010057	0.0072054	0.067138	0.027848	0.0015099	0.072025	-0.0060549	0.0078673	0.018781	0.022123	0.002958	0.010472	0.01065	-0.0050197	0.078748	0.03945	0.013271	0.061769	0.0052184	0.010287	0.081488	-0.0075776	0.00701	0.012649	0.022008	0.0052471	-0.0028325	0.0046487	-0.042896	0.025013	0.017303	-0.0029653	0.037776	0.063934	0.072622	-0.0054916	0.0073233	0.0045684	0.0012647	0.057454	0.001556	0.10409	-0.014374	-0.040852	0.012767	0.0177	0.0094044	0.019007	-0.027855	-0.096366	0.0074024	0.0051514	0.063072	0.037954	-0.0095347	0.010622	0.021115	0.00087076	0.034839	-0.0057094	0.077962	0.018848	0.0066145	-0.025048
0.00057031	0.0083702	0.0032261	0.0082263	0.010855	0.0017735	0.0026811	0.0013416	-0.0027596	0.0016778	0.001287	0.012053	0.013355	0.00068713	0.0076608	0.0037733	0.0090613	0.001677	0.0018985	0.0032357	0.0019481	0.0016629	-0.0017966	-0.0019205	0.0019685	0.0054358	0.018581	0.0016868	0.017728	0.0025203	0.0060942	0.0037997	0.0030295	-0.006281	0.015479	0.00064062	0.0051591	0.003087	0.0043565	0.0010097	0.0036873	0.0069628	0.0033441	-0.0079317	-0.0034441	0.025778	9.7946e-05	3.8599e-05	0.016399	0.0053456	0.0042525	0.00087152	0.0018143	0.0029661	-0.0015901	0.0023574	0.017152	0.0077367	0.00040767	0.018188	-0.001428	0.0019465	0.004894	0.0055035	0.0017479	0.0013095	0.0014509	0.000838	0.017822	0.0063022	0.0022521	0.012814	0.0036114	0.003071	0.019996	-0.0019483	0.0017348	0.0045177	0.0051935	0.001138	0.0015382	0.0016751	0.00080138	0.007398	0.0044934	0.00042628	0.0089653	0.016045	0.018631	-0.0013263	0.0019261	0.0011851	0.00033254	0.013473	0.00052919	0.026619	-0.003081	-0.010202	0.0035024	0.0042825	0.00083357	0.0043026	0.0013857	0.0082747	0.0017683	0.001289	0.014103	0.0093242	-0.0024453	0.0021947	0.0049797	0.0019503	0.015363	0.0021303	0.021072	0.0040546	0.0019396	-0.0061189
-0.00121	0.013124	0.0021936	-0.014942	0.0017735	0.36569	-0.12629	-0.023441	-0.0016589	0.020643	0.0062557	-0.027189	-0.053164	-0.037429	-0.00098752	0.010488	0.010944	0.0088553	0.0030591	0.0046079	0.01978	0.007875	-0.0024702	-0.0054194	0.0054125	0.0096829	0.0069238	0.007104	0.015105	0.00085274	0.0044129	0.0048657	0.0047841	-0.0041778	0.013302	0.0016397	0.0069254	0.0026407	0.0052677	0.0036633	0.0035363	0.0070967	0.0033054	-0.0064875	-0.0033791	0.018359	-0.00056407	-0.00042072	0.014062	0.0015808	0.0035989	0.0014086	0.0030157	0.0038264	0.0013719	0.002224	0.014527	0.0068166	0.0017103	0.014687	-0.00067386	0.0023415	0.0032092	0.0044584	0.0022406	0.0021796	-0.0011009	0.0028755	0.0119	0.0018887	0.0049439	0.014088	0.00288	0.0053571	0.010862	0.0014905	0.003378	0.0056876	0.0064056	-0.0036848	0.0022812	0.0038475	0.0067192	0.010703	0.0081056	0.0017276	0.0077307	0.014084	0.015652	0.00048447	0.0035595	0.00054424	0.0014469	0.0090632	0.00092346	0.021069	-0.0033953	-0.0098054	0.0065487	0.0043739	0.0011062	0.009574	0.0047396	-0.016187	0.0093176	0.0056739	0.019268	0.0094745	0.0042944	0.012479	0.0026302	-0.0033759	-0.021681	-0.056503	-0.026149	0.016737	0.010696	-0.0076293
-0.00020123	0.018898	0.008508	0.0065193	0.0026811	-0.12629	0.4509	-0.11665	-0.0038419	-0.0051836	-0.030028	-0.031131	-0.014989	0.0067816	0.015273	0.0084029	0.013978	0.0062115	0.012163	-0.0020033	-0.0071683	0.0047184	-0.00094961	-0.00067337	0.0074521	0.0073514	0.014971	0.0019637	0.023555	0.0083003	0.0098807	0.0099743	0.0066145	-0.0070684	0.01722	0.0042205	0.0065215	0.0053328	0.004511	0.0015085	0.0054176	0.0076503	0.0032189	-0.0079615	-0.0031145	0.029778	4.4248e-05	0.00099474	0.018652	0.0033122	0.0067035	0.0011983	0.0045252	0.0036959	-0.0020473	0.0024075	0.020111	0.0089971	0.0016696	0.022277	-0.001535	0.0027934	0.0067923	0.0093205	0.0020773	0.0055221	-0.0012504	-0.0020113	0.020331	0.0035606	0.0034476	0.014845	0.0062175	0.0048888	0.022605	-0.0016071	0.0027319	0.007428	0.0044084	0.0082537	0.00070745	0.0010755	0.0018633	0.0096013	0.0063139	0.0021375	0.011081	0.020695	0.023923	-0.00065151	0.0013007	0.0022135	0.00022587	0.017416	0.0010342	0.029913	-0.0016644	-0.012826	0.0055991	0.004613	0.0037512	0.0056834	0.0093484	0.012473	0.0050702	0.009708	0.017966	0.012753	0.006674	0.013572	0.015371	0.00777	0.0068218	-0.046508	-0.044082	-0.019417	-0.0030272	-0.0057222
0.00073362	0.0048885	0.01011	0.0075522	0.0013416	-0.023441	-0.11665	0.52128	-0.017943	-0.061587	-0.058176	-0.021296	0.015599	0.0098907	0.0043014	-0.0028804	0.0062388	0.0068292	0.016367	0.0011027	-0.032803	-0.01307	-0.0023216	0.0075765	0.0013291	-0.003698	0.012985	0.0086101	0.012184	0.0025066	0.0086286	0.00525	0.0035344	-0.0044149	0.0099521	0.0017331	-0.0011319	-0.0039547	0.0053834	0.0007913	0.00048111	0.0032055	0.00032447	-0.0061253	0.00064943	0.012422	-0.00043159	0.0005608	0.0092038	0.0063545	0.00060217	0.0013263	0.0008092	0.0020344	-0.00078337	0.0023566	0.010906	0.0057168	0.0014708	0.011412	-0.0002234	0.0021798	0.0033079	0.0054946	0.0013276	0.00031468	0.0051662	-0.0028562	0.0065917	0.0061855	-0.0015152	0.0021065	0.0040456	0.0011829	0.0084797	0.00064234	0.0019086	0.0039967	0.0059593	0.0016486	0.0085489	0.002139	-0.0018121	0.0036246	0.0017323	0.0035547	0.0049017	0.0096704	0.011097	-0.0016951	0.00062954	0.00086665	0.0013703	0.0057326	0.00093816	0.015248	-0.0042872	-0.0033091	0.0037702	0.0027736	0.0021258	-0.00086103	-0.0042006	0.0047895	0.0034084	0.0060606	0.011588	0.0073846	-0.0080047	0.011159	-0.0028469	0.0042045	0.0080265	-0.013611	-0.031492	-0.052018	-0.05327	-0.039733
0.0021473	-0.018655	-0.0051233	-0.0046639	-0.0027596	-0.0016589	-0.0038419	-0.017943	0.28998	-0.058942	-0.014814	-0.01991	-0.01693	-0.0031975	-0.0089994	-0.0072201	-0.012252	-0.0045459	-0.0016248	-0.0052277	-0.0091486	-0.03637	-0.03408	-0.0089613	-0.0018558	-0.0052491	-0.023009	0.0022682	-0.025791	-0.0038772	-0.0056928	-0.0037765	-0.0054109	-0.0045503	-0.021053	0.0011646	-0.0054773	-0.0037384	-0.0060478	-0.0027437	-0.0037839	-0.0078724	-0.0078483	-0.0058767	0.001047	-0.035626	-0.00078101	-0.00014614	-0.021613	-0.0090401	-0.0045829	8.6353e-05	-0.0026279	-0.0040453	-0.00096336	-0.0015069	-0.022814	-0.0074988	-9.53e-05	-0.023268	0.0022362	-0.0024333	-0.0058318	-0.0066518	-0.0043423	0.0020086	-0.0025943	-0.0050016	-0.025054	-0.011767	-0.003225	-0.019331	-0.0055215	-0.0035376	-0.027061	0.0032824	-0.0012786	-0.00039386	-0.0084186	-0.0011762	-0.0011892	-0.0014928	-0.0013745	-0.012457	-0.0052642	-0.0030462	-0.0099216	-0.022629	-0.025727	-0.00060154	-0.0011472	-0.0015437	0.00067348	-0.018064	-0.0014753	-0.035393	0.00034436	-0.0038165	-0.005469	-0.0070152	0.00016086	-0.0052955	-0.004792	-0.00076198	-0.0039342	0.0014679	-0.020207	-0.013068	0.0014083	-0.0021035	-0.0035227	-0.0046098	-0.023522	-0.0051609	-0.024887	-0.0016862	-0.014969	-0.028751
-0.0041617	0.007732	0.00053378	-0.00038635	0.0016778	0.020643	-0.0051836	-0.061587	-0.058942	0.56809	-0.091798	-0.032245	0.001141	-0.00030453	0.0060061	0.00096785	0.0051517	0.0030794	0.011422	-0.0069538	-0.054365	-0.1017	-0.051458	-0.0063039	-0.0071504	0.0018458	0.030384	0.0081309	0.012017	0.0013837	0.0072248	0.0039849	-0.0017388	-0.02043	0.011855	-0.0002712	0.0080452	0.0025852	0.0017932	-0.00078014	0.0017746	0.0045197	0.0027797	-0.011364	-0.0043838	0.019017	-0.00025702	-0.001934	0.011924	0.00037167	0.0063566	0.00076535	0.0004665	0.00089259	0.0011521	0.0027377	0.012632	0.0058956	-0.0015563	0.013621	-0.00015647	0.0010404	0.0036651	0.002475	0.00075574	0.0013961	-0.0029401	0.0023366	0.018111	0.011666	0.0020326	0.012861	0.001692	0.004057	0.014518	-0.0019363	-0.00024427	0.00053912	0.0056495	0.0017495	-0.003746	-0.00224	-0.00048599	0.0078377	0.0022877	-0.0022309	0.0072933	0.010862	0.012627	0.0016738	0.0017907	0.00016416	0.00033548	0.0099045	0.00048234	0.020884	-0.0045279	-0.021814	0.0012111	0.004708	-0.0010862	0.00048699	-0.00056113	-0.00040283	0.0039966	-0.0011708	0.008039	0.0059566	-0.0028554	0.0050604	0.0073643	0.00034982	0.019857	0.0068307	0.020562	0.011672	-0.01779	-0.059068
0.0015349	0.0011427	0.00024381	0.0060558	0.001287	0.0062557	-0.030028	-0.058176	-0.014814	-0.091798	0.44852	-0.075332	-0.039644	-0.004571	0.0066332	0.0045166	0.0047108	0.0050208	-0.0012777	-0.029895	-0.061627	-0.026529	-0.0069139	0.0037333	-0.00064679	-0.00057004	0.020659	0.0032962	0.009108	0.0025921	0.0051849	0.0032193	0.0021284	-0.0045259	0.009394	-0.0026643	0.0021475	0.0018723	0.0032198	0.0013115	0.00069811	0.0020998	0.00085957	-0.0023374	0.0003151	0.014619	-0.00032752	-0.0012743	0.0084447	0.0012719	0.00048969	0.0019907	0.00014712	0.0048625	0.001998	0.00071379	0.0097651	0.0041553	0.0030188	0.0097355	-0.00063647	0.0014841	0.002059	0.0026189	0.00096443	0.00051504	-0.0034871	0.0052211	0.014152	0.0047769	0.0050915	0.008412	0.0031718	0.0027282	0.010522	-0.0025167	-0.00045076	0.0013432	0.0019593	-0.00045707	-0.00082018	0.0025229	0.00038949	-0.00061735	0.0015944	0.0027251	0.004665	0.0082641	0.0097847	-0.0021136	0.0035512	0.00087694	0.00062619	0.0076013	0.0016593	0.013486	0.001442	-0.00056881	-0.0025228	0.0029787	-0.00067287	0.0011662	0.0051925	0.0063595	-0.00083429	-0.0018134	0.0058693	0.0044413	-0.0013852	-0.0012089	0.0014362	0.0023286	0.0041997	0.010102	0.018228	0.0051173	-0.0052432	-0.0020673
0.0047754	0.050368	0.017097	0.055768	0.012053	-0.027189	-0.031131	-0.021296	-0.01991	-0.032245	-0.075332	0.53438	-0.031795	-0.041709	0.043912	0.025405	0.055954	0.00093529	-0.032265	-0.036062	-0.026559	-0.00041074	-0.0074044	-0.0067685	0.015394	0.039136	0.11958	0.0067565	0.11348	0.014749	0.037565	0.022451	0.017213	-0.037536	0.091122	-0.0014686	0.029263	0.018654	0.022855	0.0017644	0.020399	0.040115	0.019086	-0.043282	-0.021361	0.15646	-0.00084728	-0.0005444	0.096977	0.031586	0.025794	0.0026203	0.0077422	0.017376	-0.0096877	0.011638	0.099941	0.042433	0.002822	0.10589	-0.010056	0.010077	0.028889	0.030485	0.013418	0.0059308	0.01123	0.0070603	0.10295	0.039002	0.010705	0.073723	0.021206	0.014723	0.11954	-0.014848	0.007755	0.023153	0.031847	0.0060342	0.005774	0.0053317	0.00073657	0.045712	0.020991	0.0018971	0.052781	0.094126	0.10891	-0.0042705	0.010196	0.006316	0.0006986	0.079437	0.00018801	0.15956	-0.023346	-0.056895	0.021252	0.024362	0.0035172	0.023847	0.0066479	0.051841	0.011573	0.0026524	0.083725	0.054195	-0.017317	0.011048	0.02577	0.0094289	0.096257	0.019579	0.1336	0.026631	0.014128	-0.031498
0.002704	0.065984	0.023782	0.050044	0.013355	-0.053164	-0.014989	0.015599	-0.01693	0.001141	-0.039644	-0.031795	0.52487	-0.14517	0.034021	0.033908	0.056952	-0.018798	-0.050754	-0.01981	0.006061	0.015761	-0.012092	-0.012659	0.016647	0.05077	0.13954	0.0085106	0.1215	0.016514	0.039811	0.022621	0.016791	-0.040354	0.10188	0.0024531	0.035116	0.025738	0.027499	0.0044503	0.022584	0.043516	0.024241	-0.051477	-0.023013	0.17089	0.00019103	-0.00041494	0.10767	0.037333	0.02439	0.0028461	0.0097731	0.016851	-0.013377	0.014051	0.11212	0.050531	0.00040077	0.11754	-0.012348	0.011437	0.030456	0.034074	0.011111	0.0010279	0.0070447	0.0076319	0.11686	0.038509	0.013844	0.084686	0.02186	0.019811	0.13262	-0.015772	0.0093161	0.028456	0.029946	0.0093131	0.0084285	0.0063007	0.0035036	0.047948	0.031147	0.0031466	0.058147	0.1045	0.12024	-0.0111	0.012164	0.0066266	0.0010104	0.086705	0.0020188	0.1745	-0.021044	-0.066477	0.025362	0.028114	0.0030746	0.024933	0.0097143	0.064219	0.0094085	0.0044662	0.092321	0.060293	-0.019565	0.010448	0.035855	0.011296	0.10193	0.017408	0.15527	0.031175	0.015662	-0.038227
0.0075738	-0.0083991	-0.015792	-0.070602	0.00068713	-0.037429	0.0067816	0.0098907	-0.0031975	-0.00030453	-0.004571	-0.041709	-0.14517	0.50385	-0.07322	-0.014185	-0.04482	-0.088658	-0.029574	0.012464	0.0084492	0.002281	0.0016747	-0.00079916	-3.1926e-05	0.0068758	0.020972	-0.0013077	-0.0068211	0.0040726	0.0065067	0.0030601	7.5184e-05	-0.0017423	0.0040068	0.0071135	0.0058195	0.0062015	0.0011008	0.0052405	0.00092714	0.001529	-0.00034456	-0.0050287	0.0038025	0.0041707	0.0032654	-0.00040854	0.0023681	0.0061762	0.0022629	0.0010186	-0.0006372	0.00085862	0.0011341	0.0015201	0.0045982	0.0029141	-0.00085633	0.0044528	0.0021128	0.0010103	0.0029136	0.0039454	0.0012063	0.0036957	0.0064146	0.0050162	0.0074509	0.0026771	-0.003122	0.0024601	0.0053282	0.0016888	0.0059191	-0.00021421	-0.00010096	0.0028323	0.001397	0.0012429	0.0096719	0.0073693	0.0039615	0.0028415	0.004388	-0.0043701	0.0012679	0.0028488	0.0045461	0.0020312	0.00024895	-9.599e-05	0.001046	0.0024347	0.00093202	0.0065183	0.0015472	0.00088486	-0.0011	0.001469	0.0022987	0.0038366	0.00068751	-0.0069124	0.0096264	0.010271	0.00049208	0.0035616	0.00057872	0.0040756	0.0062673	0.0063579	-0.0090365	-0.0066375	0.008446	0.0042536	-0.00074863	0.0015491
-0.0026325	-0.0018009	-0.018502	-0.034681	0.0076608	-0.00098752	0.015273	0.0043014	-0.0089994	0.0060061	0.0066332	0.043912	0.034021	-0.07322	0.39105	-0.016498	-0.005254	-0.032542	0.0026007	0.017713	0.0087683	0.0020997	-0.0054723	-0.0065632	0.0083355	0.01707	0.073412	8.5696e-05	0.053729	0.0091371	0.022646	0.012981	0.012456	-0.022958	0.057855	0.0042838	0.020461	0.0024919	0.016608	0.0034306	0.014157	0.025784	0.012678	-0.028875	-0.013997	0.09443	0.00067399	0.00011916	0.060392	0.023256	0.01547	0.0029279	0.0068009	0.010633	-0.0048484	0.0078637	0.060558	0.025791	0.0013461	0.065612	-0.0056774	0.0063874	0.019046	0.019348	0.0050935	0.0060949	0.0080306	-0.0059452	0.072228	0.0303	0.0094604	0.047491	0.01477	0.010035	0.074671	-0.0078444	0.0056158	0.015574	0.018822	0.001954	0.0048979	0.0054083	-0.007847	0.027946	0.018893	0.0029048	0.031956	0.058302	0.067533	-0.0059012	0.0079666	0.0030659	0.001249	0.048788	0.0013737	0.097036	-0.011702	-0.039073	0.013213	0.015898	0.0038385	0.016662	0.0026256	0.012373	0.011809	0.0074816	0.053182	0.035626	-0.0081256	0.0091689	0.017991	0.0084139	0.047991	0.0022701	0.073392	0.017167	0.0064273	-0.02464
-0.032316	-0.067859	-0.035256	-0.03239	0.0037733	0.010488	0.0084029	-0.0028804	-0.0072201	0.00096785	0.0045166	0.025405	0.033908	-0.014185	-0.016498	0.76135	-0.040621	-0.051868	0.0043424	0.018464	0.0020569	0.0044458	-0.0053135	-0.0034203	0.0064714	0.01042	0.03655	-0.0040714	-0.019254	-0.023392	0.0065799	0.012477	0.0056183	-0.0080185	0.029891	-0.0047699	-0.029808	-0.097728	0.002761	0.0043761	0.0085316	0.014184	0.0059828	-0.013366	-0.0083091	0.049651	0.00036623	0.0026903	0.028613	-0.056607	-0.0017678	-6.981e-06	0.0029183	0.0057249	-0.0046191	0.0032825	0.030963	0.021179	0.0070466	0.03149	-0.0017014	0.0059992	0.0093454	0.01461	0.0071623	-0.0095065	-0.038518	-0.10272	0.016602	0.017319	0.01303	0.022051	0.0026965	0.0069804	0.034749	-0.0032212	0.0036798	0.0080642	0.0067488	0.0046049	0.0089613	-0.0021127	-0.015423	0.019187	0.01167	0.0021408	0.015254	0.028148	0.03251	-0.0045138	0.0051564	0.0018052	0.0008269	0.022782	0.000982	0.047042	-0.0073173	-0.017307	0.007076	0.0059468	0.0050566	0.012084	0.0052426	0.017131	0.0065351	0.0022868	0.025964	0.017015	-0.0027447	0.0054756	0.0084534	0.007535	0.029227	0.0089801	0.038788	0.0081398	0.00024651	-0.010695
-0.0068177	0.0021811	-0.013545	-0.0051273	0.0090613	0.010944	0.013978	0.0062388	-0.012252	0.0051517	0.0047108	0.055954	0.056952	-0.04482	-0.005254	-0.040621	0.43433	-0.040589	0.0018994	0.016498	0.010445	0.008332	-0.0075589	-0.0091892	0.0081499	0.024164	0.08178	-0.0055294	0.052103	5.3754e-05	0.024123	0.016411	0.014337	-0.026864	0.068363	0.00064769	0.016295	-0.018064	0.017753	0.0044256	0.016647	0.03096	0.014394	-0.03498	-0.016663	0.11239	0.002153	0.0012395	0.072273	0.017542	0.019358	0.0041651	0.0076135	0.014058	-0.0071047	0.0091866	0.073518	0.03234	0.0031793	0.078674	-0.007903	0.0079072	0.020428	0.023833	0.0073387	0.0040554	0.0057096	-0.021229	0.084284	0.034314	0.0099837	0.055684	0.016344	0.014388	0.086856	-0.0095731	0.0062642	0.019229	0.021425	0.0046768	0.0058329	0.0079311	-0.0041993	0.032775	0.020337	0.0021794	0.039012	0.069696	0.080833	-0.006875	0.0087649	0.0043104	0.00093962	0.058325	0.00095002	0.11619	-0.014594	-0.044732	0.015875	0.018168	0.0042137	0.018103	0.0032168	0.036293	0.011567	0.0069389	0.062246	0.040078	-0.010326	0.0097846	0.023579	0.009732	0.064416	0.0070545	0.090408	0.017939	0.0056734	-0.024199
0.010285	0.0010721	-0.0073253	-0.024018	0.001677	0.0088553	0.0062115	0.0068292	-0.0045459	0.0030794	0.0050208	0.00093529	-0.018798	-0.088658	-0.032542	-0.051868	-0.040589	0.58758	-0.068677	-0.026287	-0.0011844	0.0054926	-0.0025524	-0.0015231	0.0088578	0.0077661	-0.0092372	-0.0495	-0.06742	-0.025596	-0.00029295	0.0065376	0.00072643	-0.0017512	0.014706	-0.003226	-0.0081145	-0.033924	0.0033648	0.0041612	0.0062547	0.0074212	0.0037077	-0.008331	-0.0019114	0.016791	0.0019333	0.0032786	0.011164	0.0031854	0.005831	0.001801	0.0043349	0.0043715	-0.002764	0.00108	0.012151	0.0073339	0.0010641	0.01286	-0.00013209	0.0019704	0.006203	0.0029634	0.003799	0.0057954	0.0061602	-0.0097142	0.018908	0.0072661	0.0018507	0.0047518	0.00051408	0.0063367	0.01574	-0.00061627	0.0019484	0.0053459	0.0048059	-0.00048869	0.0059111	0.0078566	0.0025067	0.008793	0.00022317	0.00065802	0.0063775	0.011426	0.013261	0.0016348	4.1829e-05	0.0020981	0.00089268	0.0080795	0.0017927	0.01845	-0.0017689	-0.0086816	0.0030138	0.0040591	2.125e-05	0.0081436	0.0074992	0.005218	0.0034616	0.0044915	0.0081935	0.0086152	-0.001408	0.0022429	0.0060518	0.0054068	0.0070141	-0.0005949	0.015675	0.0021116	0.0044272	-0.0023601
0.0011544	0.014309	0.0065409	0.014417	0.0018985	0.0030591	0.012163	0.016367	-0.0016248	0.011422	-0.0012777	-0.032265	-0.050754	-0.029574	0.0026007	0.0043424	0.0018994	-0.068677	0.36642	-0.11591	-0.018014	0.0025324	0.00050501	-0.0034623	0.010445	0.020133	-0.02515	-0.046408	-0.014651	-0.00048492	0.0077753	0.015385	0.0038058	-0.007039	0.012012	0.0083892	0.010046	0.0064603	0.0059096	0.002524	0.0034395	0.0056208	0.0046099	-0.0065825	-0.0023548	0.018811	-0.0005595	0.0018606	0.013628	0.0065452	0.0045692	0.002311	0.0025648	0.0037256	0.0014588	0.0026116	0.013565	0.0056926	0.00026988	0.013765	-0.00039573	0.0022776	0.0044046	0.0059198	0.0021512	0.00050044	0.0024291	0.0035136	0.0081405	0.0015515	0.0047093	0.011499	0.0023045	0.0018391	0.013235	0.0017399	0.0035019	0.0044311	0.0049296	-0.00088045	-0.0012821	0.0055597	0.0056905	0.0062944	0.0055953	0.0025546	0.0076523	0.013916	0.015417	-0.00040655	0.0017238	0.00086527	0.0012481	0.010374	0.00061667	0.019033	0.0006551	-0.0085019	0.0029224	0.0036147	0.0028703	0.0020474	0.00055978	0.0093686	0.0055057	0.00087514	0.012568	0.0078516	-0.0010035	0.0025622	0.0044849	0.00055064	0.012953	0.0068094	0.017901	0.0021724	0.0023286	-0.0064334
-0.0013612	0.016604	0.0080894	0.020091	0.0032357	0.0046079	-0.0020033	0.0011027	-0.0052277	-0.0069538	-0.029895	-0.036062	-0.01981	0.012464	0.017713	0.018464	0.016498	-0.026287	-0.11591	0.45489	-0.095343	-0.01425	-0.0028147	0.00084208	0.0020177	-0.0021775	-0.043553	-0.033706	0.02495	0.0094632	0.012923	0.013661	0.0080284	-0.01008	0.023715	0.0067105	0.010151	0.013733	0.006393	0.0006165	0.0069823	0.010655	0.0067823	-0.0094165	-0.0032515	0.036037	0.0010559	0.0016107	0.025397	0.0094481	0.0064559	0.00089446	0.0025611	0.0035364	-0.0028234	0.0044203	0.026537	0.011998	0.0021279	0.028625	-0.0020881	0.0029587	0.0076094	0.0087857	0.0044886	0.0013007	-0.00055391	0.0024413	0.025913	0.0062392	0.0042712	0.020368	0.0082389	0.0041256	0.027986	-0.0011642	0.0035988	0.0076972	0.0087213	0.0030904	0.0021548	-0.0017957	0.0010902	0.010862	0.0069714	-0.00049353	0.014661	0.025316	0.029186	-0.0020708	0.0031288	0.0018627	0.00011879	0.022787	0.0016971	0.039821	-0.0046201	-0.011495	0.004352	0.0064039	0.0009678	0.007769	0.0028837	0.016519	-7.6054e-05	0.0032261	0.021028	0.014081	-0.00323	0.0024885	0.0091592	0.0036574	0.024415	0.0060236	0.035763	0.0094876	0.0055649	-0.006387
0.0024975	0.0057127	0.0056947	0.0095514	0.0019481	0.01978	-0.0071683	-0.032803	-0.0091486	-0.054365	-0.061627	-0.026559	0.006061	0.0084492	0.0087683	0.0020569	0.010445	-0.0011844	-0.018014	-0.095343	0.52367	-0.069184	-0.012077	-0.0029845	-0.031022	-0.04722	-0.040934	-0.013457	0.013518	0.0059948	-0.00092756	0.0021595	0.0051535	-0.0032833	0.015629	0.0020036	0.007282	0.0061818	0.0033838	-0.00052248	0.0039547	0.007188	0.0017831	-0.0052456	-0.0012108	0.020743	-0.0014727	-0.001283	0.012561	0.00046763	0.0050374	0.0023649	0.0018352	0.0017572	-0.0015905	0.0018282	0.01549	0.0090263	0.0019145	0.015426	0.00035964	0.0035406	0.0064115	0.0033026	-0.00022394	0.0060672	0.0021878	-0.0011185	0.0090752	0.0079678	0.0042201	0.0086771	0.0039802	0.0039338	0.011606	-0.0022086	0.0010982	0.0041408	0.0049454	0.0029154	0.0030431	0.00088859	-0.00090481	0.0040666	0.0030482	0.0022874	0.0071659	0.013379	0.016114	0.0018651	0.0016709	0.0010352	-7.5219e-05	0.011606	0.00074022	0.021843	0.00055817	-0.0093753	0.0030644	0.0042235	-0.00073345	0.0032226	-0.00081004	0.0014913	0.0016403	-0.00013388	0.012087	0.0066227	-0.0018693	0.0064813	0.00072637	0.003376	0.012628	0.0076207	0.02462	0.010415	0.0042806	0.0031868
-0.00076177	0.010101	0.00039257	0.0069131	0.0016629	0.007875	0.0047184	-0.01307	-0.03637	-0.1017	-0.026529	-0.00041074	0.015761	0.002281	0.0020997	0.0044458	0.008332	0.0054926	0.0025324	-0.01425	-0.069184	0.57175	-0.083595	-0.080385	-0.079532	-0.015258	0.01883	0.0041788	0.015221	-0.0005735	0.0055586	0.002293	-0.00043807	-0.012146	0.011483	0.00076142	0.0029525	-0.0046545	0.0043983	0.00076535	0.00077794	0.0086492	0.0017577	-0.0095297	-0.0016178	0.018335	0.0025041	-0.00014728	0.015677	0.0049343	0.0054221	-0.00020895	0.0014872	-0.00033262	-0.0027491	0.00098323	0.013114	0.0054975	-0.0026295	0.014221	-0.00073745	0.0030261	0.0041256	0.0085043	0.0016428	0.0010286	0.004984	-0.0027526	0.018913	0.0044725	-0.00083289	0.013624	0.0017285	0.0014742	0.019672	-0.0015352	0.0005741	0.0010357	0.0032529	0.0028128	-0.00018922	-0.0017631	0.00054594	0.0041872	0.0033717	-0.00066857	0.0074167	0.013714	0.015533	-0.0028168	0.00027703	0.00089332	8.6446e-05	0.012362	9.3414e-05	0.022271	-0.0063791	-0.017263	0.0017394	0.0029698	4.1453e-05	0.005171	0.0025859	0.0072497	-0.0027589	0.0010658	0.0132	0.0073761	0.00057794	0.0021207	0.0089836	0.00033444	0.014538	0.003108	0.02314	0.0062304	-0.00079249	-0.02425
-0.0016631	-0.0090207	0.00055757	-0.0086324	-0.0017966	-0.0024702	-0.00094961	-0.0023216	-0.03408	-0.051458	-0.0069139	-0.0074044	-0.012092	0.0016747	-0.0054723	-0.0053135	-0.0075589	-0.0025524	0.00050501	-0.0028147	-0.012077	-0.083595	0.35589	-0.077261	-0.025158	-0.0027921	-0.011348	-0.00013057	-0.017113	-0.0032262	-0.0054584	-0.0009542	-0.0044341	-0.0081544	-0.013197	0.0030758	-0.0062373	-0.00098575	-0.0048992	-0.0010741	-0.0022372	-0.007256	-0.0059181	0.0015426	-8.5029e-05	-0.02533	-0.00081988	0.0023765	-0.014167	-0.0062631	-0.0057245	-0.0012185	0.00015315	-0.0030493	9.5766e-05	-0.0011561	-0.015444	-0.0063553	-0.0024599	-0.015336	0.0013487	-0.0023544	-0.0062494	-0.005944	0.00026993	4.9966e-05	0.00079671	0.0013077	-0.020126	-0.0034282	-0.0038938	-0.011444	-0.0033042	-0.0017155	-0.017196	0.0035536	-0.0011881	-0.0040139	-0.005227	0.00071645	0.0016196	0.0046058	-0.0013173	-0.010852	-0.0063938	-0.00021831	-0.0081196	-0.014216	-0.016904	0.0023396	-0.0028101	-0.0010683	0.00026903	-0.012246	-0.0016754	-0.024756	0.0043872	-0.0060089	-0.0039296	-0.0037533	-0.0001944	-0.0051967	-0.0024158	-0.012623	0.0025105	-0.00013753	-0.012916	-0.0084914	0.0023499	0.0013967	-0.0069805	0.0015583	-0.0091904	-0.0012129	-0.018934	0.00061354	-0.0016406	-0.020054
0.00011784	-0.0073263	-0.0029269	-0.0086541	-0.0019205	-0.0054194	-0.00067337	0.0075765	-0.0089613	-0.0063039	0.0037333	-0.0067685	-0.012659	-0.00079916	-0.0065632	-0.0034203	-0.0091892	-0.0015231	-0.0034623	0.00084208	-0.0029845	-0.080385	-0.077261	0.32536	-0.080297	-0.0012892	-0.0086498	0.0014545	-0.012835	-0.00010158	-0.0073942	-0.012229	-0.026218	-0.021306	-0.018658	-0.0027064	-0.0052981	-0.0024119	-0.0031841	-0.0016754	-0.0040811	-0.0079365	-0.0073823	0.002365	0.00098466	-0.027348	-8.4488e-06	0.00067706	-0.016951	-0.0029286	-0.0055664	-0.00043859	-0.0021017	-0.0021337	0.0016252	-0.0025914	-0.016489	-0.007253	0.0016083	-0.017964	0.0032932	-0.00054218	-0.0040616	-0.0038819	-0.0024531	-0.0034048	-0.002795	0.00061622	-0.013821	-0.0099723	0.00042287	-0.011838	-0.0041574	-0.0029091	-0.019372	0.0029493	-0.00018848	-0.0038977	-0.0039966	-0.002192	-0.00036395	-0.0047614	-0.0018198	-0.0024132	-0.0039929	0.0025741	-0.010903	-0.015902	-0.019045	-0.0011168	-0.0011305	-0.0014631	-0.00083641	-0.012949	-0.00057081	-0.027061	0.0027355	0.004452	-0.0031166	-0.0045216	0.00075001	-0.005098	-0.0029749	-0.0036484	-0.0029358	-0.0012691	-0.012886	-0.0088973	0.002166	-0.0020796	-0.0030912	-0.0016987	-0.01802	-0.0026046	-0.02175	-0.0026375	-0.0027378	0.002063
-0.00016231	0.0077801	0.0020805	0.0056849	0.0019685	0.0054125	0.0074521	0.0013291	-0.0018558	-0.0071504	-0.00064679	0.015394	0.016647	-3.1926e-05	0.0083355	0.0064714	0.0081499	0.0088578	0.010445	0.0020177	-0.031022	-0.079532	-0.025158	-0.080297	0.42871	-0.086739	0.0020102	0.00065248	0.017576	0.0021174	-0.0048629	-0.043709	-0.053638	-0.017986	0.0086056	-0.00079292	0.0078659	0.0025966	0.0050654	0.0010147	0.0053227	0.0085548	0.006151	-0.00065313	-0.0033805	0.027283	0.00093399	-0.00059115	0.014288	0.007098	0.0046468	0.0015563	0.0024995	0.002213	-0.0033166	0.0027494	0.015623	0.0062061	0.0011303	0.017358	-0.0014041	0.00084554	0.0047806	0.0046318	0.0034393	0.0013206	-0.0031234	0.0018449	0.0149	0.0081342	0.0019539	0.0096252	0.0062738	0.0032433	0.018267	-0.0018631	0.00095889	0.004216	0.0067428	0.00098572	-8.4677e-05	0.0030233	0.0018948	0.0056898	0.0057849	-0.0022528	0.0090035	0.015103	0.017582	-0.001957	0.0014474	0.00059583	-0.00031062	0.011925	0.00085738	0.024532	-0.0027534	-0.0048592	0.0037822	0.0039903	-0.00010571	0.0060177	0.0032273	0.0045118	0.0032757	0.0019287	0.01462	0.0099869	-0.0059676	0.0021956	0.0039853	0.00052267	0.016659	0.0044434	0.019852	-0.0030416	-0.0055897	-0.0013599
0.00010793	0.026161	0.0046922	0.020261	0.0054358	0.0096829	0.0073514	-0.003698	-0.0052491	0.0018458	-0.00057004	0.039136	0.05077	0.0068758	0.01707	0.01042	0.024164	0.0077661	0.020133	-0.0021775	-0.04722	-0.015258	-0.0027921	-0.0012892	-0.086739	0.37656	-0.077245	-0.024233	0.040058	0.0003371	-0.012666	-0.042149	-0.014854	-0.015829	0.03737	-0.0018981	0.01545	0.013968	0.012779	0.0062414	0.012714	0.025113	0.016832	-0.017516	-0.0077872	0.067467	0.0033317	0.0029112	0.04096	0.015518	0.011563	0.0022609	0.0038511	0.0077955	-0.0071617	0.0063819	0.043543	0.018514	0.0037813	0.046423	-0.0030067	0.006328	0.013639	0.014994	0.0033985	0.0010973	0.0073054	0.0015253	0.040798	0.013894	0.01023	0.035393	0.0073339	0.0058064	0.050254	-0.0055319	0.0043351	0.011363	0.0096985	0.0014153	0.0064194	0.0048143	0.0037992	0.020869	0.014061	0.00050905	0.022709	0.041086	0.047304	-0.0017335	0.0042008	0.0029849	0.001329	0.03281	0.0018207	0.068608	-0.0083642	-0.024224	0.0094279	0.011603	0.0027228	0.0091849	0.0019601	0.021308	0.0046982	0.0030483	0.036465	0.025021	-0.0070359	0.0023815	0.014548	0.0089756	0.041059	0.0058511	0.050423	0.0022697	0.0014893	-0.0081798
0.002817	0.074787	0.035534	0.076266	0.018581	0.0069238	0.014971	0.012985	-0.023009	0.030384	0.020659	0.11958	0.13954	0.020972	0.073412	0.03655	0.08178	-0.0092372	-0.02515	-0.043553	-0.040934	0.01883	-0.011348	-0.0086498	0.0020102	-0.077245	0.56321	-0.077464	0.12542	-0.0045908	0.016212	0.0055588	0.038798	-0.052275	0.13963	0.0067437	0.05556	0.034617	0.041609	0.010237	0.0341	0.067666	0.032748	-0.071746	-0.034654	0.23614	0.0024972	-0.0016237	0.15082	0.053982	0.038488	0.0056539	0.013905	0.024118	-0.021551	0.020535	0.15552	0.069205	-0.0006998	0.1652	-0.016372	0.015092	0.040253	0.049864	0.015444	0.0090095	0.0080606	0.012096	0.16709	0.05568	0.012861	0.11427	0.030893	0.026077	0.1828	-0.021433	0.013194	0.038615	0.045809	0.0060108	0.010367	0.012357	0.0031713	0.067613	0.036637	0.0019132	0.082361	0.14497	0.16726	-0.017924	0.018661	0.0095226	0.0014187	0.12174	0.0014995	0.24301	-0.032598	-0.093565	0.031989	0.039583	0.0063395	0.037806	0.01336	0.07786	0.014979	0.0084608	0.128	0.084973	-0.019802	0.019861	0.042207	0.015961	0.14308	0.015694	0.1854	0.026088	0.017538	-0.052301
0.0030455	0.0105	0.0068934	0.0053487	0.0016868	0.007104	0.0019637	0.0086101	0.0022682	0.0081309	0.0032962	0.0067565	0.0085106	-0.0013077	8.5696e-05	-0.0040714	-0.0055294	-0.0495	-0.046408	-0.033706	-0.013457	0.0041788	-0.00013057	0.0014545	0.00065248	-0.024233	-0.077464	0.45575	-0.059568	-0.03479	-0.025543	-0.0085977	0.0030224	-0.001408	0.0091496	-0.010484	-0.0088981	-0.0082224	0.0046405	0.003265	0.0031344	0.006566	0.0018062	-0.0044728	-0.0045182	0.015322	0.003056	0.0014342	0.012839	0.012182	0.0040008	0.0016915	0.0034842	0.0017842	0.0033835	0.0025323	0.012659	0.0056298	0.00083596	0.012812	0.00040346	0.0019763	0.0055201	0.0020145	-0.0006316	0.0025705	0.0051571	0.0006551	0.013525	0.0054612	0.002456	0.0090807	0.00090043	0.005119	0.012596	0.00047293	0.0026966	0.0059188	0.004665	0.0026644	0.0035174	8.9347e-05	0.0020235	0.0035	0.0073694	0.0018369	0.0045836	0.011074	0.013722	0.00010202	-0.00026326	0.0020466	0.0013726	0.0097381	0.0020118	0.017443	-0.00076453	-0.0095557	0.0027917	0.0029025	0.00013946	0.0062648	0.0036828	0.013459	0.0051213	0.0012806	0.013125	0.0073851	-3.8925e-05	0.0027509	0.0050994	-0.0013243	0.0081144	-0.0059454	0.0053972	0.0072437	0.0014765	-0.0033652
0.0055617	0.075072	0.034887	0.072226	0.017728	0.015105	0.023555	0.012184	-0.025791	0.012017	0.009108	0.11348	0.1215	-0.0068211	0.053729	-0.019254	0.052103	-0.06742	-0.014651	0.02495	0.013518	0.015221	-0.017113	-0.012835	0.017576	0.040058	0.12542	-0.059568	0.69709	-0.049002	0.0127	0.022409	0.025847	-0.050332	0.12735	-0.025521	-2.0918e-05	-0.035162	0.034161	0.0094917	0.030662	0.056183	0.027276	-0.071102	-0.034247	0.22686	0.0008442	0.0020243	0.1453	0.032747	0.041076	0.0064411	0.013551	0.025681	-0.015431	0.019473	0.14958	0.065029	0.0067223	0.15827	-0.018133	0.012239	0.036522	0.042051	0.0067424	0.015538	0.012578	-0.0072301	0.16884	0.058194	0.019833	0.1072	0.034568	0.022555	0.1772	-0.020156	0.010965	0.036023	0.041704	0.0087011	0.0076445	0.014571	0.017971	0.068847	0.038111	-0.0014705	0.075858	0.13833	0.16078	-0.016638	0.015904	0.0096315	0.0010725	0.11796	0.0024136	0.23267	-0.026819	-0.093385	0.034142	0.037249	0.0028534	0.033591	0.014407	0.054792	0.015624	0.0098905	0.12593	0.079651	-0.020924	0.019729	0.038758	0.010826	0.13127	0.011107	0.18615	0.033676	0.015351	-0.051656
0.0080027	0.012186	0.0089964	0.010125	0.0025203	0.00085274	0.0083003	0.0025066	-0.0038772	0.0013837	0.0025921	0.014749	0.016514	0.0040726	0.0091371	-0.023392	5.3754e-05	-0.025596	-0.00048492	0.0094632	0.0059948	-0.0005735	-0.0032262	-0.00010158	0.0021174	0.0003371	-0.0045908	-0.03479	-0.049002	0.40206	-0.029439	-0.0096408	0.0010742	-0.006007	-0.0020934	-0.033683	-0.040202	-0.036288	0.00012607	-0.0018325	0.0015533	0.0040981	-0.00074148	-0.0074283	-0.0028114	0.026318	0.00016729	0.0015248	0.018244	-0.0083653	0.0054285	0.0011857	0.0032083	0.0043896	0.0019608	0.0019154	0.016341	0.0051487	0.00029816	0.017714	-3.007e-05	0.0022075	0.0062315	0.0063519	0.0070859	0.0021827	0.010051	-0.0053803	0.019484	0.011445	0.0020728	0.011987	0.0050413	0.0027716	0.021265	-0.00023375	0.0026183	0.0065183	0.0033241	-6.4849e-05	0.0042689	0.0013969	0.0050107	0.011388	0.011214	-0.0027716	0.010113	0.017852	0.019944	0.0022684	0.0017937	0.0007356	0.00089606	0.012929	0.00089194	0.028136	0.0010741	-0.0084067	0.0024579	0.0046701	0.0033579	0.0061772	0.0019907	0.0065477	0.0024679	0.0019476	0.012295	0.010294	-0.0016585	0.0018484	0.0023707	-0.00030894	0.010368	0.0046196	0.021271	0.0059383	0.0035767	-0.005464
0.003487	0.022993	0.0052892	0.02582	0.0060942	0.0044129	0.0098807	0.0086286	-0.0056928	0.0072248	0.0051849	0.037565	0.039811	0.0065067	0.022646	0.0065799	0.024123	-0.00029295	0.0077753	0.012923	-0.00092756	0.0055586	-0.0054584	-0.0073942	-0.0048629	-0.012666	0.016212	-0.025543	0.0127	-0.029439	0.33413	-0.033926	-0.0003086	-0.016197	0.018808	-0.025991	-0.002489	0.0021094	0.008885	-0.0013579	0.0071736	0.01274	0.0072172	-0.021491	-0.0093155	0.071258	-0.0041091	-0.00065178	0.044396	0.018717	0.013403	0.0018669	0.0050538	0.0086075	-0.00060996	0.0057585	0.047779	0.020296	0.00087638	0.049899	-0.00428	0.004935	0.012853	0.013512	0.0074393	0.0055339	0.0071208	0.0044065	0.051209	0.016697	0.006149	0.033568	0.0090287	0.00737	0.056436	-0.0046117	0.0052704	0.013532	0.013252	0.0077903	0.0018019	0.0092655	-0.00097707	0.020703	0.012781	0.0024948	0.024363	0.044935	0.051971	-0.0023185	0.0059558	0.0035147	0.0014826	0.03733	0.001173	0.074766	-0.0096138	-0.023599	0.010643	0.011956	0.0027687	0.010956	0.0068669	0.034237	0.0066098	0.0012398	0.03859	0.026809	-0.0082784	0.0026654	0.010554	0.0018871	0.042069	0.0013625	0.055646	0.013138	0.0029921	-0.017132
0.0014115	0.012101	0.0019087	0.019364	0.0037997	0.0048657	0.0099743	0.00525	-0.0037765	0.0039849	0.0032193	0.022451	0.022621	0.0030601	0.012981	0.012477	0.016411	0.0065376	0.015385	0.013661	0.0021595	0.002293	-0.0009542	-0.012229	-0.043709	-0.042149	0.0055588	-0.0085977	0.022409	-0.0096408	-0.033926	0.29225	-0.04516	-0.024429	0.015093	-0.010054	0.0070224	0.0059632	0.0066293	0.00068235	0.0028183	0.00035096	0.002673	-0.01458	-0.0036111	0.04493	-0.001944	-0.00092311	0.029948	0.013493	0.008396	-0.00011439	0.0015463	0.0060018	0.0016735	0.0031109	0.029676	0.015489	0.0025619	0.031534	-0.0032299	0.0034851	0.0085207	0.010878	0.0041395	0.002991	0.0010168	0.0041219	0.030519	0.012107	0.0043157	0.022471	0.0068188	0.0083656	0.034516	-0.0038854	0.0026276	0.0076843	0.011241	0.0013816	0.0027077	0.002983	0.00069605	0.01436	0.0063738	0.00094155	0.015924	0.028185	0.032496	0.0010189	0.0043478	0.0019474	0.00024764	0.024218	0.001747	0.047222	-0.0023366	-0.010799	0.0060745	0.0072127	0.0015012	0.0088407	0.0059756	0.014958	0.0061079	0.0018726	0.023885	0.017297	-0.0048949	-0.010235	0.0053544	0.0044251	0.026102	0.0048174	0.039829	0.0037304	0.0020876	-0.0091763
0.0006409	0.010279	0.0087601	0.01054	0.0030295	0.0047841	0.0066145	0.0035344	-0.0054109	-0.0017388	0.0021284	0.017213	0.016791	7.5184e-05	0.012456	0.0056183	0.014337	0.00072643	0.0038058	0.0080284	0.0051535	-0.00043807	-0.0044341	-0.026218	-0.053638	-0.014854	0.038798	0.0030224	0.025847	0.0010742	-0.0003086	-0.04516	0.24286	-0.052279	0.023033	0.0010467	0.0075155	0.0064332	0.0057259	0.0017623	0.0024315	-0.0044155	-0.0090669	-0.023794	-0.0044014	0.035413	-0.0025478	-3.8246e-05	0.025891	0.0060412	0.005235	-6.421e-05	0.0021773	0.0062388	0.0035604	0.0015839	0.024115	0.012326	-0.00099471	0.023768	-0.0030339	0.0026788	0.0061456	0.0077163	0.0020131	3.4411e-05	0.001113	0.00091142	0.026641	0.0087704	0.0036567	0.020686	0.0069495	0.0050221	0.027185	-0.0036818	0.0017695	0.0050267	0.0074072	0.0031206	0.0031361	0.0031685	0.00046697	0.0098517	0.0057827	0.0020822	0.011886	0.022225	0.026231	-0.0026608	0.0030104	0.0017458	0.00012099	0.019146	0.00099663	0.038347	-0.0022193	-0.0095362	0.0061478	0.0063227	-0.00015365	0.0066845	0.00063354	0.013661	0.0013711	0.0015703	0.020709	0.013226	-0.010947	0.0033033	0.0054878	0.0022982	0.021022	0.0047466	0.031359	0.0027052	-0.0027273	-0.01095
-0.0038186	-0.024466	-0.0097595	-0.027665	-0.006281	-0.0041778	-0.0070684	-0.0044149	-0.0045503	-0.02043	-0.0045259	-0.037536	-0.040354	-0.0017423	-0.022958	-0.0080185	-0.026864	-0.0017512	-0.007039	-0.01008	-0.0032833	-0.012146	-0.0081544	-0.021306	-0.017986	-0.015829	-0.052275	-0.001408	-0.050332	-0.006007	-0.016197	-0.024429	-0.052279	0.27541	-0.052283	-0.0017165	-0.013331	-0.0081542	-0.011671	-0.0036101	-0.013569	-0.026184	-0.026357	-0.011038	0.0044078	-0.080055	0.00059573	0.001502	-0.052858	-0.014784	-0.01287	-0.00096678	-0.0031491	-0.0071412	0.006342	-0.005923	-0.051603	-0.022759	0.00051586	-0.053522	0.0063938	-0.005694	-0.013361	-0.017288	-0.0036857	-0.0046721	-0.002486	-0.0028414	-0.057066	-0.018663	-0.0042038	-0.038062	-0.011393	-0.0090041	-0.059152	0.0075947	-0.0035605	-0.013057	-0.014718	-0.00030599	-0.0027886	-0.0081273	-0.00090678	-0.02632	-0.015056	-0.00020891	-0.025656	-0.047877	-0.056598	0.003591	-0.0059902	-0.0032995	-0.00016973	-0.039886	-0.00087663	-0.080714	0.0091528	0.011728	-0.0096388	-0.012658	-0.00025899	-0.011085	-0.001524	-0.016582	-0.0076716	-0.0014061	-0.043151	-0.027619	0.0085807	-0.0042865	-0.012536	-0.0047303	-0.046913	-0.0024098	-0.062984	-0.011183	-0.011177	-0.0035226
